1, 622, 11, 1
2, 1413, 75, 2
3, 749, 80, 2
4, 142, 31, 2
5, 436, 37, 10
6, 1100, 56, 7
7, 407, 88, 2
8, 1429, 90, 5
9, 1886, 40, 9
10, 1419, 79, 2
11, 1680, 69, 4
12, 488, 81, 8
13, 857, 71, 7
14, 1356, 37, 2
15, 473, 53, 9
16, 1793, 24, 8
17, 1536, 53, 1
18, 1237, 36, 6
19, 1585, 61, 6
20, 154, 30, 6
21, 785, 28, 6
22, 1077, 8, 10
23, 559, 88, 3
24, 1837, 78, 2
25, 127, 4, 1
26, 1705, 11, 2
27, 839, 75, 9
28, 1988, 90, 5
29, 277, 96, 3
30, 1959, 82, 10
31, 1720, 43, 2
32, 65, 16, 8
33, 33, 41, 5
34, 1231, 96, 3
35, 1016, 56, 1
36, 1095, 35, 1
37, 146, 43, 9
38, 1596, 35, 2
39, 994, 10, 8
40, 1236, 92, 10
41, 1622, 9, 3
42, 1078, 20, 5
43, 1741, 63, 1
44, 39, 71, 7
45, 1692, 13, 3
46, 1991, 81, 9
47, 295, 1, 9
48, 192, 52, 2
49, 853, 23, 5
50, 1899, 46, 10
51, 144, 63, 5
52, 939, 40, 9
53, 1936, 97, 8
54, 1743, 58, 5
55, 74, 97, 4
56, 1686, 76, 4
57, 557, 21, 9
58, 231, 16, 10
59, 520, 18, 6
60, 910, 70, 4
61, 680, 88, 8
62, 1517, 41, 8
63, 1240, 47, 7
64, 1674, 12, 10
65, 696, 91, 7
66, 1881, 62, 2
67, 653, 67, 5
68, 1056, 50, 9
69, 1747, 90, 3
70, 815, 16, 10
71, 611, 82, 3
72, 1012, 49, 10
73, 255, 42, 1
74, 1271, 94, 5
75, 128, 72, 2
76, 198, 40, 5
77, 447, 8, 10
78, 629, 26, 5
79, 548, 76, 9
80, 814, 40, 9
81, 1726, 98, 5
82, 1678, 9, 1
83, 1986, 59, 7
84, 1044, 58, 3
85, 1391, 82, 8
86, 104, 70, 4
87, 706, 33, 6
88, 1628, 65, 4
89, 813, 7, 6
90, 864, 43, 4
91, 1093, 76, 2
92, 377, 33, 1
93, 16, 6, 7
94, 1247, 37, 8
95, 1281, 73, 8
96, 1659, 52, 4
97, 899, 66, 6
98, 927, 46, 4
99, 1559, 4, 8
100, 1245, 38, 5
101, 1673, 73, 5
102, 433, 99, 9
103, 1377, 89, 3
104, 1528, 2, 7
105, 1373, 37, 3
106, 1120, 73, 10
107, 1462, 67, 5
108, 1185, 25, 4
109, 1866, 84, 5
110, 1839, 46, 5
111, 1330, 14, 1
112, 840, 8, 5
113, 70, 5, 5
114, 303, 50, 9
115, 1690, 82, 2
116, 1934, 30, 8
117, 85, 76, 4
118, 1042, 31, 10
119, 534, 91, 1
120, 263, 89, 5
121, 1570, 38, 2
122, 1121, 28, 2
123, 1539, 96, 3
124, 1282, 40, 4
125, 1652, 15, 2
126, 1832, 27, 9
127, 172, 94, 1
128, 1418, 52, 3
129, 1904, 50, 4
130, 1363, 44, 9
131, 1778, 80, 10
132, 1499, 88, 10
133, 1687, 5, 5
134, 973, 43, 4
135, 145, 7, 2
136, 25, 66, 6
137, 1407, 32, 2
138, 1158, 91, 6
139, 1820, 44, 10
140, 1675, 46, 1
141, 220, 52, 9
142, 958, 54, 4
143, 318, 86, 5
144, 551, 28, 4
145, 440, 69, 6
146, 168, 37, 7
147, 1538, 59, 4
148, 822, 7, 8
149, 1927, 50, 6
150, 1542, 55, 3
151, 1906, 88, 7
152, 798, 62, 4
153, 1964, 69, 8
154, 1731, 6, 7
155, 347, 39, 3
156, 1084, 14, 6
157, 1815, 54, 3
158, 987, 47, 2
159, 1038, 98, 8
160, 1529, 19, 8
161, 1017, 14, 2
162, 282, 20, 9
163, 1990, 67, 3
164, 966, 79, 7
165, 661, 26, 3
166, 849, 21, 1
167, 1163, 99, 3
168, 1172, 27, 5
169, 1315, 71, 8
170, 1902, 85, 6
171, 891, 73, 7
172, 1453, 38, 8
173, 1776, 25, 2
174, 1907, 13, 3
175, 791, 65, 5
176, 1224, 87, 2
177, 607, 6, 6
178, 425, 85, 4
179, 42, 31, 2
180, 605, 27, 5
181, 1753, 1, 9
182, 1494, 59, 3
183, 669, 52, 3
184, 1975, 77, 7
185, 153, 25, 1
186, 1574, 57, 3
187, 540, 25, 1
188, 707, 13, 9
189, 2, 25, 6
190, 1825, 64, 6
191, 1967, 36, 9
192, 1368, 58, 2
193, 977, 27, 3
194, 117, 41, 6
195, 597, 100, 4
196, 1599, 5, 4
197, 1590, 95, 10
198, 1306, 73, 6
199, 751, 10, 6
200, 312, 38, 7
201, 103, 83, 7
202, 514, 34, 8
203, 247, 28, 3
204, 411, 90, 7
205, 1892, 39, 3
206, 1696, 61, 8
207, 1754, 79, 6
208, 782, 5, 7
209, 933, 3, 5
210, 1728, 51, 5
211, 1999, 98, 8
212, 554, 83, 2
213, 1035, 69, 9
214, 1909, 66, 10
215, 874, 82, 9
216, 1670, 57, 5
217, 244, 74, 10
218, 1703, 47, 6
219, 793, 77, 2
220, 1962, 86, 7
221, 1068, 9, 10
222, 1645, 87, 8
223, 1852, 65, 3
224, 713, 68, 9
225, 48, 89, 8
226, 898, 16, 1
227, 106, 52, 3
228, 1842, 58, 4
229, 902, 29, 4
230, 132, 38, 2
231, 34, 95, 1
232, 284, 54, 7
233, 509, 24, 3
234, 1001, 20, 8
235, 1882, 5, 6
236, 314, 54, 9
237, 917, 45, 3
238, 965, 2, 10
239, 1919, 99, 6
240, 483, 27, 8
241, 1135, 45, 2
242, 1187, 31, 6
243, 1676, 11, 10
244, 218, 87, 3
245, 19, 21, 6
246, 821, 46, 4
247, 1457, 27, 5
248, 583, 4, 3
249, 1807, 39, 4
250, 72, 42, 2
251, 1241, 96, 10
252, 1961, 72, 5
253, 300, 29, 3
254, 9, 27, 10
255, 869, 5, 1
256, 1087, 14, 5
257, 1614, 7, 8
258, 304, 48, 8
259, 507, 7, 6
260, 29, 88, 5
261, 1130, 28, 3
262, 1773, 29, 4
263, 342, 72, 10
264, 859, 53, 6
265, 568, 81, 8
266, 5, 32, 5
267, 1446, 46, 10
268, 981, 49, 3
269, 1244, 7, 10
270, 1661, 5, 3
271, 1299, 78, 3
272, 17, 69, 1
273, 1586, 68, 2
274, 465, 4, 10
275, 1323, 39, 10
276, 1543, 94, 10
277, 523, 82, 8
278, 185, 91, 10
279, 1123, 2, 5
280, 1781, 11, 1
281, 1058, 36, 3
282, 1297, 26, 6
283, 460, 30, 9
284, 1937, 85, 5
285, 1508, 78, 1
286, 1192, 89, 8
287, 1220, 71, 6
288, 40, 100, 6
289, 309, 22, 9
290, 708, 94, 5
291, 1677, 60, 5
292, 1790, 48, 7
293, 1656, 23, 6
294, 746, 81, 6
295, 1958, 78, 1
296, 287, 39, 6
297, 626, 95, 1
298, 262, 21, 1
299, 691, 13, 6
300, 1856, 100, 6
301, 1116, 15, 8
302, 1800, 18, 8
303, 1342, 7, 2
304, 805, 75, 2
305, 876, 55, 7
306, 1557, 75, 6
307, 1698, 42, 8
308, 547, 8, 8
309, 92, 100, 9
310, 1777, 43, 2
311, 921, 44, 2
312, 889, 93, 6
313, 564, 35, 2
314, 1510, 4, 2
315, 830, 70, 2
316, 837, 77, 1
317, 1289, 24, 5
318, 320, 9, 7
319, 1868, 44, 6
320, 1484, 17, 2
321, 946, 86, 7
322, 1173, 58, 1
323, 1213, 20, 3
324, 1971, 93, 9
325, 66, 87, 10
326, 1786, 23, 10
327, 724, 68, 9
328, 27, 93, 9
329, 1348, 30, 2
330, 1147, 60, 2
331, 1895, 90, 2
332, 1143, 22, 1
333, 1277, 59, 10
334, 464, 93, 7
335, 1029, 80, 5
336, 1900, 96, 8
337, 681, 75, 5
338, 1054, 39, 4
339, 1052, 3, 9
340, 241, 35, 5
341, 251, 2, 2
342, 575, 23, 10
343, 646, 21, 4
344, 1376, 71, 1
345, 1827, 50, 8
346, 1070, 84, 6
347, 1375, 97, 7
348, 1871, 17, 1
349, 1313, 54, 7
350, 490, 14, 9
351, 1869, 83, 6
352, 1201, 50, 3
353, 871, 30, 6
354, 974, 55, 3
355, 90, 26, 4
356, 503, 41, 7
357, 1612, 15, 7
358, 1483, 35, 4
359, 148, 72, 4
360, 847, 99, 1
361, 133, 29, 10
362, 355, 33, 4
363, 625, 46, 10
364, 1285, 76, 5
365, 1335, 67, 2
366, 754, 73, 6
367, 1828, 70, 10
368, 1875, 25, 1
369, 1541, 47, 4
370, 1495, 85, 7
371, 648, 87, 10
372, 1451, 41, 9
373, 230, 76, 5
374, 1075, 10, 9
375, 531, 88, 9
376, 1843, 21, 5
377, 1965, 85, 7
378, 1607, 94, 10
379, 1273, 6, 6
380, 1848, 65, 5
381, 742, 1, 1
382, 1225, 89, 2
383, 1858, 81, 6
384, 1889, 83, 8
385, 1325, 15, 1
386, 215, 38, 5
387, 582, 80, 8
388, 1921, 45, 5
389, 446, 37, 1
390, 1202, 92, 1
391, 86, 71, 4
392, 1817, 77, 8
393, 1540, 9, 5
394, 1555, 71, 9
395, 537, 1, 10
396, 1210, 34, 10
397, 543, 13, 4
398, 138, 46, 1
399, 1092, 28, 3
400, 1329, 37, 9
401, 1080, 96, 3
402, 1030, 57, 2
403, 658, 97, 8
404, 1103, 98, 4
405, 1701, 68, 8
406, 1766, 78, 3
407, 134, 38, 5
408, 1465, 50, 3
409, 1915, 1, 4
410, 1003, 9, 10
411, 426, 74, 5
412, 302, 21, 6
413, 955, 73, 5
414, 1996, 13, 8
415, 130, 82, 1
416, 1357, 43, 5
417, 1973, 68, 3
418, 110, 42, 7
419, 630, 39, 8
420, 50, 92, 6
421, 1582, 42, 10
422, 238, 63, 8
423, 686, 48, 6
424, 1212, 18, 5
425, 286, 82, 7
426, 1346, 67, 5
427, 485, 54, 10
428, 738, 3, 5
429, 1631, 10, 10
430, 1314, 54, 4
431, 1592, 80, 1
432, 432, 65, 4
433, 345, 10, 1
434, 1349, 22, 4
435, 800, 46, 9
436, 393, 67, 10
437, 1043, 20, 3
438, 429, 48, 8
439, 1428, 79, 8
440, 1809, 7, 7
441, 1266, 30, 8
442, 1464, 37, 3
443, 1635, 9, 7
444, 470, 36, 4
445, 428, 97, 4
446, 1977, 48, 3
447, 720, 73, 7
448, 1004, 79, 8
449, 1196, 70, 6
450, 101, 36, 3
451, 1683, 26, 4
452, 1232, 31, 6
453, 382, 17, 1
454, 866, 64, 7
455, 924, 72, 5
456, 31, 54, 8
457, 341, 31, 6
458, 395, 28, 5
459, 907, 46, 3
460, 1998, 24, 5
461, 109, 13, 3
462, 750, 19, 4
463, 1924, 46, 6
464, 315, 13, 10
465, 816, 56, 4
466, 139, 49, 6
467, 105, 54, 4
468, 532, 60, 8
469, 1364, 100, 3
470, 623, 63, 10
471, 1873, 54, 3
472, 825, 84, 4
473, 125, 76, 4
474, 370, 16, 9
475, 258, 86, 8
476, 1409, 39, 2
477, 769, 26, 2
478, 1637, 3, 8
479, 1695, 79, 2
480, 929, 30, 4
481, 162, 97, 2
482, 1922, 84, 8
483, 1436, 87, 10
484, 339, 66, 1
485, 1879, 80, 7
486, 1846, 82, 8
487, 1318, 74, 2
488, 1890, 75, 9
489, 1468, 65, 2
490, 1145, 24, 2
491, 1697, 53, 7
492, 677, 16, 7
493, 1153, 32, 7
494, 1874, 37, 9
495, 1834, 75, 2
496, 1929, 36, 3
497, 1032, 19, 2
498, 97, 61, 6
499, 1545, 84, 5
500, 1707, 5, 4
501, 269, 82, 8
502, 845, 56, 7
503, 23, 56, 2
504, 1721, 60, 7
505, 616, 90, 3
506, 836, 76, 4
507, 872, 90, 10
508, 1300, 9, 8
509, 1057, 59, 3
510, 851, 45, 7
511, 182, 79, 8
512, 1857, 29, 5
513, 1861, 52, 8
514, 46, 69, 7
515, 1435, 34, 2
516, 701, 96, 7
517, 1127, 7, 2
518, 1579, 18, 10
519, 1819, 16, 2
520, 909, 55, 6
521, 1662, 3, 6
522, 659, 64, 3
523, 1055, 14, 2
524, 401, 49, 5
525, 6, 96, 6
526, 368, 21, 7
527, 1481, 75, 5
528, 124, 3, 4
529, 733, 47, 2
530, 1733, 100, 7
531, 216, 13, 2
532, 234, 29, 6
533, 1352, 68, 8
534, 1524, 3, 8
535, 100, 9, 10
536, 982, 20, 6
537, 1594, 61, 5
538, 594, 9, 9
539, 385, 65, 4
540, 1560, 83, 3
541, 726, 69, 9
542, 1688, 88, 4
543, 486, 19, 5
544, 1316, 92, 5
545, 768, 80, 2
546, 178, 96, 6
547, 1806, 32, 4
548, 753, 34, 2
549, 858, 91, 4
550, 445, 23, 1
551, 84, 35, 10
552, 1141, 54, 5
553, 1601, 62, 8
554, 1938, 15, 8
555, 1099, 14, 7
556, 294, 64, 2
557, 1658, 8, 1
558, 650, 71, 8
559, 676, 82, 1
560, 459, 1, 10
561, 353, 3, 10
562, 995, 23, 5
563, 1197, 9, 2
564, 1124, 48, 7
565, 808, 14, 10
566, 1040, 11, 9
567, 1423, 16, 7
568, 1941, 27, 10
569, 73, 64, 9
570, 1334, 20, 6
571, 828, 22, 4
572, 1638, 9, 10
573, 1810, 100, 4
574, 1010, 32, 2
575, 988, 52, 8
576, 1067, 54, 2
577, 613, 4, 6
578, 1072, 29, 5
579, 1600, 1, 1
580, 434, 84, 4
581, 221, 88, 8
582, 932, 18, 9
583, 718, 38, 10
584, 268, 78, 5
585, 599, 78, 2
586, 261, 11, 4
587, 1752, 85, 6
588, 1209, 72, 2
589, 53, 29, 2
590, 210, 43, 9
591, 710, 55, 1
592, 1619, 55, 4
593, 883, 92, 2
594, 884, 69, 9
595, 1111, 3, 5
596, 885, 36, 9
597, 1802, 33, 8
598, 410, 53, 2
599, 1406, 13, 4
600, 1963, 66, 2
601, 276, 64, 6
602, 856, 57, 1
603, 1427, 86, 8
604, 415, 22, 4
605, 823, 71, 5
606, 1901, 75, 3
607, 289, 93, 5
608, 1563, 28, 9
609, 1165, 93, 4
610, 184, 63, 9
611, 980, 45, 7
612, 875, 69, 8
613, 1691, 50, 4
614, 1960, 11, 6
615, 350, 71, 5
616, 190, 88, 8
617, 1369, 94, 6
618, 903, 32, 7
619, 634, 2, 9
620, 642, 99, 10
621, 1235, 11, 1
622, 997, 92, 2
623, 406, 82, 1
624, 1492, 69, 2
625, 937, 41, 9
626, 1898, 80, 1
627, 668, 11, 3
628, 1518, 71, 10
629, 541, 73, 8
630, 962, 80, 2
631, 1384, 94, 8
632, 1138, 89, 1
633, 1500, 1, 10
634, 313, 88, 6
635, 280, 8, 6
636, 76, 71, 6
637, 867, 3, 10
638, 354, 79, 3
639, 1193, 68, 4
640, 1443, 70, 10
641, 1473, 59, 4
642, 765, 55, 8
643, 409, 71, 4
644, 228, 89, 2
645, 1205, 44, 10
646, 1978, 29, 7
647, 233, 39, 10
648, 1969, 43, 1
649, 64, 71, 5
650, 1207, 60, 10
651, 1668, 22, 4
652, 1319, 57, 4
653, 1980, 89, 8
654, 1537, 67, 1
655, 1447, 53, 1
656, 555, 66, 1
657, 421, 95, 9
658, 69, 64, 3
659, 416, 23, 5
660, 352, 37, 10
661, 991, 65, 10
662, 1222, 29, 9
663, 359, 81, 10
664, 928, 83, 3
665, 1065, 62, 4
666, 1360, 60, 7
667, 1110, 49, 6
668, 365, 23, 8
669, 374, 36, 5
670, 274, 52, 8
671, 1321, 89, 9
672, 219, 55, 3
673, 1182, 41, 1
674, 1487, 52, 10
675, 461, 92, 5
676, 1589, 34, 6
677, 1985, 78, 2
678, 797, 77, 8
679, 1233, 57, 4
680, 1476, 93, 4
681, 311, 5, 9
682, 1860, 16, 7
683, 469, 100, 7
684, 609, 24, 8
685, 1166, 64, 9
686, 734, 83, 9
687, 1445, 66, 8
688, 1439, 15, 4
689, 657, 74, 8
690, 1378, 79, 5
691, 1925, 45, 4
692, 229, 11, 9
693, 1611, 22, 10
694, 1009, 4, 1
695, 1878, 38, 4
696, 1337, 97, 7
697, 1355, 96, 3
698, 1526, 5, 7
699, 1764, 69, 6
700, 711, 23, 7
701, 846, 85, 9
702, 306, 43, 5
703, 1114, 50, 9
704, 1713, 28, 4
705, 155, 100, 5
706, 1112, 59, 9
707, 334, 75, 10
708, 1031, 2, 1
709, 904, 74, 9
710, 1609, 83, 1
711, 1502, 78, 5
712, 1150, 83, 3
713, 474, 59, 8
714, 266, 95, 10
715, 1920, 49, 9
716, 954, 74, 4
717, 161, 7, 6
718, 1471, 89, 4
719, 402, 49, 6
720, 1625, 36, 9
721, 1887, 97, 8
722, 508, 99, 7
723, 479, 78, 10
724, 854, 9, 2
725, 1200, 56, 7
726, 971, 68, 4
727, 194, 63, 2
728, 1648, 82, 10
729, 1292, 10, 10
730, 126, 21, 10
731, 1734, 19, 3
732, 1501, 7, 2
733, 307, 95, 10
734, 952, 48, 4
735, 317, 13, 2
736, 728, 100, 5
737, 327, 60, 4
738, 796, 40, 4
739, 1552, 13, 9
740, 1414, 89, 7
741, 1026, 26, 9
742, 757, 34, 1
743, 1274, 37, 2
744, 731, 24, 8
745, 1553, 94, 4
746, 333, 79, 9
747, 1358, 45, 4
748, 444, 91, 6
749, 1655, 59, 2
750, 1657, 60, 10
751, 260, 91, 7
752, 1380, 96, 1
753, 1140, 65, 7
754, 32, 72, 6
755, 912, 13, 10
756, 524, 23, 1
757, 1251, 50, 9
758, 802, 50, 4
759, 600, 10, 8
760, 535, 36, 3
761, 332, 5, 4
762, 209, 94, 3
763, 167, 24, 9
764, 1926, 94, 7
765, 852, 53, 10
766, 1702, 34, 3
767, 1665, 18, 4
768, 935, 68, 1
769, 1813, 76, 1
770, 709, 50, 5
771, 1544, 6, 4
772, 119, 97, 10
773, 83, 46, 8
774, 1203, 3, 1
775, 196, 47, 4
776, 1498, 85, 5
777, 1020, 41, 5
778, 1109, 49, 10
779, 67, 39, 8
780, 1504, 28, 3
781, 1942, 80, 4
782, 1643, 98, 5
783, 1672, 24, 8
784, 378, 8, 3
785, 619, 98, 4
786, 496, 23, 10
787, 1617, 55, 5
788, 694, 84, 6
789, 1291, 61, 10
790, 1106, 54, 10
791, 897, 75, 4
792, 18, 20, 7
793, 722, 53, 3
794, 1404, 16, 10
795, 1503, 44, 4
796, 1546, 33, 6
797, 608, 76, 7
798, 1005, 14, 10
799, 360, 70, 4
800, 887, 96, 8
801, 1118, 17, 2
802, 1486, 26, 2
803, 699, 5, 9
804, 999, 80, 2
805, 632, 59, 8
806, 1362, 97, 9
807, 438, 12, 9
808, 58, 22, 7
809, 1799, 57, 6
810, 527, 24, 6
811, 141, 60, 10
812, 1725, 41, 7
813, 806, 5, 7
814, 349, 40, 1
815, 1982, 88, 8
816, 80, 84, 7
817, 55, 3, 7
818, 256, 76, 9
819, 570, 39, 9
820, 1102, 72, 10
821, 1739, 65, 7
822, 873, 95, 2
823, 283, 95, 2
824, 1771, 45, 10
825, 1226, 49, 4
826, 596, 29, 6
827, 1863, 78, 9
828, 818, 4, 5
829, 618, 56, 9
830, 1039, 96, 3
831, 922, 9, 6
832, 1275, 7, 8
833, 745, 47, 5
834, 357, 88, 9
835, 225, 11, 6
836, 1916, 34, 2
837, 1669, 9, 1
838, 1774, 21, 3
839, 1744, 56, 10
840, 1069, 98, 6
841, 1833, 54, 1
842, 529, 37, 3
843, 1917, 91, 10
844, 1276, 22, 6
845, 1144, 79, 3
846, 804, 37, 9
847, 1724, 34, 7
848, 752, 15, 7
849, 894, 45, 4
850, 1689, 38, 8
851, 61, 18, 7
852, 1169, 57, 7
853, 868, 73, 6
854, 1551, 86, 6
855, 137, 42, 9
856, 878, 45, 3
857, 1155, 30, 2
858, 213, 66, 2
859, 1162, 51, 8
860, 1085, 50, 8
861, 1666, 60, 5
862, 343, 35, 1
863, 1079, 14, 10
864, 1870, 82, 4
865, 1987, 81, 2
866, 1981, 55, 8
867, 1018, 55, 2
868, 47, 80, 8
869, 1717, 84, 2
870, 1459, 51, 5
871, 1262, 62, 10
872, 1272, 98, 10
873, 376, 99, 1
874, 1259, 64, 5
875, 556, 93, 6
876, 1597, 58, 10
877, 920, 86, 5
878, 1171, 47, 9
879, 1025, 23, 8
880, 1561, 10, 8
881, 1493, 67, 7
882, 671, 99, 1
883, 1254, 64, 4
884, 968, 29, 1
885, 1015, 14, 9
886, 335, 43, 1
887, 322, 3, 3
888, 1243, 36, 9
889, 803, 80, 5
890, 617, 18, 9
891, 437, 98, 1
892, 1336, 4, 2
893, 593, 53, 1
894, 1610, 12, 6
895, 1416, 14, 10
896, 1704, 37, 8
897, 1530, 51, 8
898, 1566, 72, 8
899, 645, 18, 8
900, 183, 6, 6
901, 721, 99, 5
902, 253, 58, 2
903, 1505, 18, 4
904, 1521, 13, 5
905, 1732, 65, 10
906, 579, 16, 6
907, 93, 66, 2
908, 1101, 89, 4
909, 1826, 5, 3
910, 1787, 27, 1
911, 157, 98, 10
912, 1891, 32, 4
913, 576, 2, 3
914, 1968, 76, 2
915, 331, 81, 3
916, 717, 72, 8
917, 1301, 71, 4
918, 727, 1, 9
919, 49, 15, 6
920, 1836, 36, 8
921, 1710, 34, 8
922, 1340, 55, 2
923, 305, 20, 4
924, 1066, 41, 3
925, 102, 79, 1
926, 1287, 55, 1
927, 22, 9, 8
928, 665, 91, 4
929, 560, 27, 7
930, 380, 43, 3
931, 1746, 28, 1
932, 159, 91, 5
933, 1048, 90, 9
934, 201, 19, 5
935, 809, 38, 3
936, 1709, 88, 8
937, 435, 95, 8
938, 817, 94, 1
939, 1514, 89, 2
940, 1214, 1, 2
941, 1572, 21, 8
942, 860, 52, 4
943, 1045, 48, 1
944, 1455, 22, 3
945, 1061, 74, 4
946, 1716, 3, 1
947, 174, 76, 8
948, 1644, 63, 8
949, 1074, 37, 9
950, 151, 40, 4
951, 1571, 46, 7
952, 1410, 27, 2
953, 689, 69, 6
954, 546, 14, 3
955, 678, 1, 10
956, 1283, 83, 3
957, 1230, 9, 2
958, 781, 87, 6
959, 1823, 58, 4
960, 1759, 21, 5
961, 1513, 59, 7
962, 1872, 95, 6
963, 1782, 16, 5
964, 272, 24, 6
965, 832, 91, 8
966, 1156, 73, 6
967, 565, 80, 3
968, 1454, 71, 9
969, 344, 42, 7
970, 1740, 61, 6
971, 1327, 67, 3
972, 545, 44, 6
973, 1783, 2, 4
974, 324, 35, 2
975, 976, 76, 4
976, 807, 60, 10
977, 1180, 62, 2
978, 882, 52, 6
979, 1239, 93, 3
980, 990, 26, 8
981, 639, 32, 5
982, 1424, 38, 10
983, 1286, 67, 8
984, 1370, 57, 9
985, 1785, 68, 5
986, 602, 2, 9
987, 189, 28, 7
988, 959, 71, 2
989, 558, 40, 10
990, 572, 41, 10
991, 741, 26, 1
992, 967, 2, 2
993, 1374, 35, 4
994, 173, 36, 3
995, 176, 39, 1
996, 925, 41, 9
997, 511, 24, 5
998, 164, 42, 1
999, 1417, 40, 3
1000, 664, 45, 2
1001, 1667, 98, 3
1002, 590, 15, 1
1003, 1227, 84, 7
1004, 1768, 10, 1
1005, 975, 27, 4
1006, 1477, 76, 9
1007, 918, 24, 2
1008, 200, 65, 9
1009, 1027, 47, 4
1010, 1706, 87, 10
1011, 1615, 30, 4
1012, 1970, 45, 10
1013, 227, 75, 8
1014, 1371, 5, 9
1015, 1136, 67, 1
1016, 1791, 35, 1
1017, 1949, 40, 3
1018, 1767, 44, 3
1019, 501, 38, 7
1020, 663, 52, 6
1021, 1568, 15, 5
1022, 351, 16, 4
1023, 1883, 41, 10
1024, 1569, 35, 9
1025, 413, 85, 6
1026, 880, 80, 9
1027, 88, 1, 2
1028, 152, 73, 6
1029, 692, 69, 7
1030, 1723, 11, 5
1031, 1309, 3, 8
1032, 1188, 99, 4
1033, 1159, 59, 3
1034, 81, 37, 5
1035, 855, 27, 8
1036, 1324, 76, 5
1037, 1663, 4, 3
1038, 8, 98, 1
1039, 1190, 13, 2
1040, 329, 78, 8
1041, 571, 93, 8
1042, 624, 59, 9
1043, 1051, 25, 1
1044, 1351, 55, 2
1045, 206, 35, 4
1046, 1179, 65, 4
1047, 340, 25, 4
1048, 1955, 49, 4
1049, 181, 57, 1
1050, 940, 79, 9
1051, 1757, 67, 3
1052, 26, 72, 8
1053, 1467, 15, 1
1054, 495, 65, 7
1055, 621, 70, 2
1056, 1215, 28, 10
1057, 905, 63, 2
1058, 336, 93, 5
1059, 273, 49, 10
1060, 1742, 69, 5
1061, 1788, 32, 3
1062, 936, 39, 2
1063, 919, 53, 10
1064, 1125, 33, 10
1065, 171, 88, 7
1066, 603, 94, 10
1067, 1623, 25, 1
1068, 1033, 50, 8
1069, 1411, 19, 6
1070, 587, 74, 4
1071, 777, 54, 8
1072, 392, 38, 5
1073, 1401, 15, 4
1074, 1036, 93, 1
1075, 779, 98, 6
1076, 1294, 81, 7
1077, 408, 23, 10
1078, 24, 36, 9
1079, 1475, 75, 6
1080, 627, 34, 9
1081, 1310, 6, 7
1082, 191, 73, 6
1083, 1798, 18, 5
1084, 149, 43, 4
1085, 236, 88, 10
1086, 1845, 96, 1
1087, 690, 58, 7
1088, 569, 72, 3
1089, 1736, 85, 10
1090, 1148, 39, 2
1091, 1867, 88, 2
1092, 861, 53, 9
1093, 1880, 74, 1
1094, 831, 100, 10
1095, 943, 54, 6
1096, 612, 62, 4
1097, 1037, 49, 1
1098, 895, 60, 6
1099, 79, 38, 4
1100, 1679, 99, 10
1101, 493, 10, 5
1102, 1170, 91, 10
1103, 1122, 9, 3
1104, 1533, 90, 6
1105, 780, 50, 6
1106, 1129, 60, 5
1107, 202, 90, 10
1108, 1626, 90, 7
1109, 264, 21, 8
1110, 1449, 4, 8
1111, 1562, 42, 7
1112, 1463, 71, 10
1113, 667, 48, 5
1114, 1497, 35, 3
1115, 1167, 88, 9
1116, 1478, 2, 10
1117, 1341, 65, 7
1118, 1011, 64, 4
1119, 755, 16, 4
1120, 776, 68, 1
1121, 1811, 88, 10
1122, 373, 48, 8
1123, 1250, 85, 3
1124, 827, 32, 3
1125, 431, 74, 3
1126, 1888, 79, 3
1127, 1933, 29, 3
1128, 1174, 79, 6
1129, 1935, 92, 5
1130, 550, 43, 1
1131, 996, 17, 9
1132, 441, 56, 9
1133, 1772, 17, 8
1134, 240, 46, 6
1135, 985, 71, 6
1136, 588, 34, 8
1137, 1608, 77, 4
1138, 1461, 85, 5
1139, 1426, 97, 9
1140, 1824, 15, 10
1141, 956, 46, 10
1142, 1307, 45, 4
1143, 1014, 29, 3
1144, 512, 84, 3
1145, 1408, 91, 4
1146, 1491, 72, 7
1147, 578, 52, 5
1148, 1472, 61, 7
1149, 448, 79, 8
1150, 169, 58, 2
1151, 1761, 93, 9
1152, 1862, 24, 9
1153, 595, 32, 1
1154, 179, 93, 1
1155, 136, 13, 5
1156, 992, 75, 3
1157, 207, 18, 3
1158, 944, 83, 6
1159, 784, 26, 10
1160, 1840, 51, 10
1161, 513, 15, 7
1162, 660, 81, 3
1163, 698, 31, 4
1164, 1119, 37, 1
1165, 68, 74, 3
1166, 1389, 47, 7
1167, 1855, 55, 8
1168, 810, 13, 1
1169, 1269, 85, 6
1170, 1750, 88, 4
1171, 522, 46, 9
1172, 1573, 87, 4
1173, 1178, 5, 4
1174, 1219, 84, 5
1175, 285, 90, 1
1176, 36, 52, 9
1177, 1650, 26, 6
1178, 504, 14, 10
1179, 591, 80, 5
1180, 1434, 36, 7
1181, 1865, 37, 6
1182, 1769, 13, 5
1183, 321, 89, 5
1184, 186, 51, 3
1185, 1258, 32, 1
1186, 1651, 33, 1
1187, 1186, 84, 2
1188, 788, 41, 1
1189, 91, 87, 3
1190, 725, 57, 5
1191, 1841, 67, 4
1192, 526, 55, 5
1193, 423, 30, 4
1194, 1479, 39, 2
1195, 1104, 95, 3
1196, 1268, 69, 1
1197, 778, 67, 8
1198, 1460, 65, 6
1199, 1305, 10, 2
1200, 949, 32, 3
1201, 1588, 6, 5
1202, 1547, 20, 1
1203, 947, 15, 3
1204, 926, 76, 3
1205, 246, 84, 2
1206, 1293, 21, 9
1207, 1945, 25, 5
1208, 1577, 88, 8
1209, 762, 78, 1
1210, 1388, 50, 3
1211, 960, 81, 7
1212, 767, 18, 6
1213, 211, 33, 5
1214, 217, 78, 7
1215, 641, 47, 2
1216, 1995, 90, 3
1217, 1758, 53, 8
1218, 1152, 54, 10
1219, 510, 58, 7
1220, 242, 51, 10
1221, 1992, 32, 1
1222, 563, 84, 8
1223, 193, 82, 9
1224, 979, 39, 6
1225, 1784, 38, 1
1226, 843, 92, 3
1227, 1353, 18, 1
1228, 519, 81, 6
1229, 1556, 72, 8
1230, 1876, 25, 1
1231, 1974, 24, 1
1232, 1350, 79, 2
1233, 1525, 55, 2
1234, 1183, 42, 3
1235, 773, 65, 5
1236, 1338, 43, 1
1237, 574, 75, 2
1238, 1059, 27, 4
1239, 969, 40, 6
1240, 1748, 32, 2
1241, 833, 67, 7
1242, 156, 75, 5
1243, 790, 2, 6
1244, 187, 100, 10
1245, 1801, 80, 4
1246, 1763, 49, 1
1247, 829, 48, 8
1248, 888, 76, 10
1249, 744, 55, 7
1250, 649, 97, 10
1251, 756, 66, 4
1252, 487, 17, 2
1253, 424, 82, 4
1254, 1399, 10, 6
1255, 1279, 95, 10
1256, 1246, 90, 9
1257, 249, 83, 5
1258, 1795, 38, 5
1259, 1729, 12, 10
1260, 250, 49, 9
1261, 439, 30, 3
1262, 1797, 87, 7
1263, 1957, 8, 5
1264, 945, 5, 5
1265, 1385, 5, 4
1266, 1365, 14, 10
1267, 614, 98, 9
1268, 938, 19, 9
1269, 417, 52, 3
1270, 1558, 95, 6
1271, 1994, 16, 5
1272, 1851, 87, 1
1273, 1859, 76, 10
1274, 863, 58, 3
1275, 337, 52, 8
1276, 1480, 89, 5
1277, 961, 49, 8
1278, 122, 6, 3
1279, 1008, 71, 7
1280, 606, 58, 10
1281, 1343, 5, 5
1282, 492, 29, 8
1283, 1507, 80, 9
1284, 906, 50, 7
1285, 1914, 88, 4
1286, 1339, 32, 2
1287, 1081, 31, 3
1288, 243, 17, 2
1289, 1181, 40, 4
1290, 458, 58, 7
1291, 1664, 64, 2
1292, 978, 24, 6
1293, 476, 9, 5
1294, 552, 42, 8
1295, 1737, 43, 6
1296, 811, 31, 10
1297, 379, 32, 3
1298, 1903, 67, 8
1299, 998, 14, 5
1300, 521, 22, 4
1301, 1905, 8, 8
1302, 497, 61, 4
1303, 386, 44, 3
1304, 518, 6, 5
1305, 290, 45, 3
1306, 1939, 10, 2
1307, 1381, 66, 3
1308, 366, 82, 2
1309, 1073, 90, 2
1310, 296, 36, 5
1311, 1755, 70, 3
1312, 3, 68, 1
1313, 620, 64, 8
1314, 57, 31, 10
1315, 111, 73, 1
1316, 775, 23, 3
1317, 1280, 12, 7
1318, 695, 89, 10
1319, 1918, 14, 7
1320, 270, 100, 10
1321, 1333, 46, 3
1322, 1126, 3, 3
1323, 1024, 71, 2
1324, 316, 3, 10
1325, 226, 56, 4
1326, 1107, 31, 1
1327, 1354, 72, 5
1328, 1897, 49, 1
1329, 1719, 71, 4
1330, 799, 62, 7
1331, 427, 37, 4
1332, 1308, 69, 4
1333, 252, 62, 6
1334, 934, 72, 10
1335, 1853, 10, 9
1336, 766, 96, 5
1337, 123, 68, 10
1338, 1789, 77, 9
1339, 293, 14, 10
1340, 13, 99, 1
1341, 647, 32, 1
1342, 1653, 27, 4
1343, 82, 50, 3
1344, 1583, 69, 5
1345, 400, 20, 9
1346, 1228, 55, 2
1347, 297, 53, 2
1348, 52, 35, 5
1349, 723, 47, 10
1350, 824, 79, 4
1351, 1972, 64, 10
1352, 235, 94, 3
1353, 1520, 29, 10
1354, 1021, 30, 4
1355, 759, 80, 10
1356, 319, 17, 9
1357, 30, 76, 4
1358, 1660, 73, 2
1359, 245, 80, 4
1360, 1393, 58, 3
1361, 478, 99, 4
1362, 1097, 30, 7
1363, 1113, 98, 4
1364, 1838, 11, 2
1365, 1372, 72, 3
1366, 356, 93, 2
1367, 1175, 67, 4
1368, 223, 26, 7
1369, 107, 47, 1
1370, 915, 24, 8
1371, 530, 77, 9
1372, 28, 23, 2
1373, 760, 34, 5
1374, 248, 85, 8
1375, 1208, 30, 9
1376, 986, 10, 6
1377, 1288, 84, 7
1378, 566, 80, 5
1379, 1489, 52, 10
1380, 1523, 67, 3
1381, 1396, 24, 3
1382, 224, 74, 10
1383, 1976, 68, 2
1384, 1864, 96, 5
1385, 577, 88, 10
1386, 1218, 71, 8
1387, 1177, 56, 8
1388, 480, 91, 6
1389, 923, 29, 4
1390, 631, 45, 3
1391, 633, 15, 7
1392, 1951, 38, 4
1393, 1090, 99, 5
1394, 170, 64, 1
1395, 120, 42, 3
1396, 841, 21, 7
1397, 1320, 67, 8
1398, 714, 95, 9
1399, 78, 42, 2
1400, 115, 12, 7
1401, 129, 26, 1
1402, 1295, 22, 7
1403, 56, 90, 2
1404, 1420, 71, 2
1405, 1402, 57, 7
1406, 783, 87, 3
1407, 1217, 36, 7
1408, 452, 43, 1
1409, 1931, 16, 8
1410, 683, 55, 9
1411, 383, 41, 7
1412, 1260, 63, 5
1413, 1049, 17, 4
1414, 1238, 68, 7
1415, 471, 86, 5
1416, 1993, 86, 4
1417, 301, 16, 7
1418, 1699, 73, 10
1419, 371, 95, 10
1420, 942, 53, 5
1421, 362, 10, 1
1422, 1770, 43, 6
1423, 763, 32, 2
1424, 1624, 55, 2
1425, 2000, 72, 8
1426, 114, 80, 3
1427, 735, 32, 5
1428, 1632, 62, 10
1429, 697, 86, 10
1430, 1580, 32, 1
1431, 1195, 24, 1
1432, 672, 41, 10
1433, 1161, 70, 6
1434, 10, 93, 1
1435, 1844, 51, 6
1436, 1403, 54, 3
1437, 77, 44, 8
1438, 1000, 80, 5
1439, 389, 36, 5
1440, 637, 99, 1
1441, 1913, 50, 1
1442, 41, 23, 6
1443, 1278, 84, 1
1444, 1223, 3, 3
1445, 567, 67, 7
1446, 1496, 7, 2
1447, 1248, 76, 7
1448, 886, 67, 7
1449, 1199, 53, 8
1450, 405, 17, 6
1451, 983, 17, 8
1452, 338, 66, 8
1453, 1253, 84, 7
1454, 1775, 30, 5
1455, 684, 44, 9
1456, 1311, 19, 1
1457, 1576, 38, 8
1458, 561, 37, 9
1459, 1328, 33, 2
1460, 63, 36, 6
1461, 900, 30, 9
1462, 930, 13, 8
1463, 1189, 61, 2
1464, 984, 46, 10
1465, 1142, 19, 4
1466, 748, 22, 2
1467, 1506, 69, 7
1468, 1948, 73, 5
1469, 1284, 21, 4
1470, 615, 14, 6
1471, 1071, 76, 8
1472, 481, 35, 7
1473, 1448, 68, 9
1474, 466, 77, 6
1475, 970, 87, 5
1476, 1094, 74, 3
1477, 1803, 65, 9
1478, 1640, 11, 9
1479, 394, 100, 1
1480, 43, 71, 8
1481, 1718, 74, 4
1482, 610, 23, 4
1483, 1456, 1, 9
1484, 135, 71, 3
1485, 896, 46, 7
1486, 21, 79, 7
1487, 364, 99, 3
1488, 59, 58, 7
1489, 931, 52, 9
1490, 165, 72, 8
1491, 1046, 37, 9
1492, 1910, 88, 5
1493, 158, 31, 10
1494, 1512, 1, 6
1495, 1382, 8, 9
1496, 265, 91, 7
1497, 688, 41, 1
1498, 964, 40, 8
1499, 1438, 11, 6
1500, 1944, 52, 2
1501, 197, 37, 2
1502, 719, 50, 1
1503, 1831, 14, 2
1504, 716, 86, 3
1505, 1347, 22, 5
1506, 1671, 81, 6
1507, 687, 72, 9
1508, 1263, 60, 6
1509, 1751, 52, 6
1510, 604, 93, 6
1511, 358, 78, 3
1512, 390, 36, 1
1513, 770, 28, 4
1514, 477, 38, 8
1515, 1151, 3, 1
1516, 1034, 28, 8
1517, 1616, 65, 4
1518, 348, 2, 8
1519, 1649, 40, 2
1520, 44, 54, 9
1521, 1216, 51, 9
1522, 116, 92, 4
1523, 1893, 19, 4
1524, 500, 29, 8
1525, 1821, 24, 2
1526, 372, 6, 1
1527, 1394, 10, 6
1528, 1830, 79, 9
1529, 214, 15, 1
1530, 635, 92, 7
1531, 1519, 27, 10
1532, 1979, 14, 3
1533, 1735, 55, 3
1534, 1131, 83, 6
1535, 308, 50, 1
1536, 538, 29, 4
1537, 1089, 90, 1
1538, 1265, 94, 2
1539, 1047, 47, 3
1540, 1322, 90, 2
1541, 403, 24, 4
1542, 1816, 49, 6
1543, 1441, 35, 3
1544, 1379, 80, 9
1545, 463, 90, 10
1546, 1923, 70, 2
1547, 1204, 24, 2
1548, 1896, 44, 6
1549, 693, 81, 10
1550, 1606, 98, 8
1551, 1256, 20, 6
1552, 654, 93, 3
1553, 1198, 83, 1
1554, 758, 91, 1
1555, 1134, 56, 4
1556, 259, 61, 2
1557, 1096, 50, 7
1558, 1488, 12, 8
1559, 456, 74, 7
1560, 1298, 6, 2
1561, 1366, 10, 1
1562, 1006, 57, 1
1563, 682, 13, 4
1564, 953, 32, 2
1565, 1302, 61, 2
1566, 113, 74, 1
1567, 363, 33, 4
1568, 71, 20, 2
1569, 1762, 46, 3
1570, 204, 53, 4
1571, 774, 66, 9
1572, 404, 4, 4
1573, 553, 8, 1
1574, 99, 43, 9
1575, 1634, 59, 6
1576, 1621, 51, 2
1577, 420, 41, 6
1578, 670, 61, 9
1579, 150, 92, 9
1580, 1780, 100, 7
1581, 1812, 74, 7
1582, 1270, 20, 1
1583, 1738, 86, 2
1584, 254, 19, 3
1585, 1708, 27, 5
1586, 1115, 6, 5
1587, 1849, 84, 1
1588, 911, 21, 4
1589, 1400, 97, 7
1590, 1108, 52, 7
1591, 539, 69, 9
1592, 1091, 54, 9
1593, 397, 41, 9
1594, 112, 41, 3
1595, 636, 70, 8
1596, 972, 86, 3
1597, 1028, 27, 5
1598, 705, 43, 5
1599, 1613, 55, 1
1600, 15, 30, 7
1601, 75, 14, 1
1602, 1930, 90, 2
1603, 325, 66, 6
1604, 484, 70, 4
1605, 288, 45, 9
1606, 1595, 82, 3
1607, 468, 85, 8
1608, 1564, 86, 10
1609, 1565, 81, 2
1610, 1591, 77, 3
1611, 203, 63, 4
1612, 1444, 35, 7
1613, 7, 79, 2
1614, 1088, 7, 10
1615, 1684, 11, 10
1616, 1629, 17, 6
1617, 1549, 56, 1
1618, 651, 68, 2
1619, 870, 2, 6
1620, 1023, 96, 10
1621, 598, 68, 1
1622, 1154, 42, 4
1623, 656, 75, 8
1624, 188, 5, 10
1625, 1395, 25, 9
1626, 1642, 21, 1
1627, 1249, 82, 10
1628, 35, 87, 4
1629, 1398, 11, 9
1630, 430, 21, 10
1631, 1745, 47, 8
1632, 1805, 52, 2
1633, 1584, 55, 1
1634, 14, 76, 4
1635, 1146, 2, 4
1636, 399, 75, 6
1637, 1932, 38, 7
1638, 1911, 74, 6
1639, 1234, 79, 5
1640, 87, 29, 9
1641, 1359, 29, 8
1642, 108, 18, 10
1643, 330, 28, 5
1644, 1854, 50, 6
1645, 1098, 84, 9
1646, 732, 56, 9
1647, 585, 59, 6
1648, 419, 43, 6
1649, 4, 29, 10
1650, 361, 83, 1
1651, 702, 63, 6
1652, 892, 83, 9
1653, 544, 16, 9
1654, 1877, 50, 8
1655, 1105, 20, 2
1656, 792, 68, 9
1657, 1440, 49, 4
1658, 1749, 60, 5
1659, 51, 13, 2
1660, 533, 60, 3
1661, 502, 63, 5
1662, 679, 81, 8
1663, 177, 34, 3
1664, 96, 66, 9
1665, 1229, 93, 9
1666, 890, 68, 5
1667, 786, 16, 7
1668, 505, 84, 6
1669, 346, 64, 3
1670, 1792, 29, 1
1671, 94, 38, 7
1672, 916, 64, 7
1673, 1602, 86, 2
1674, 834, 42, 8
1675, 685, 76, 8
1676, 195, 29, 9
1677, 1013, 26, 4
1678, 292, 91, 2
1679, 1587, 41, 8
1680, 913, 72, 5
1681, 257, 75, 10
1682, 865, 51, 2
1683, 1693, 34, 2
1684, 1605, 18, 4
1685, 1808, 32, 7
1686, 1053, 95, 1
1687, 443, 43, 9
1688, 957, 26, 9
1689, 1421, 23, 6
1690, 1252, 72, 4
1691, 1064, 46, 10
1692, 375, 40, 5
1693, 675, 31, 8
1694, 1332, 7, 5
1695, 89, 20, 8
1696, 993, 71, 4
1697, 462, 83, 10
1698, 467, 89, 7
1699, 1575, 37, 10
1700, 1433, 84, 6
1701, 747, 87, 8
1702, 166, 41, 2
1703, 1527, 61, 4
1704, 1191, 6, 2
1705, 1474, 88, 5
1706, 1425, 23, 4
1707, 1466, 46, 1
1708, 1139, 63, 6
1709, 528, 53, 3
1710, 703, 59, 2
1711, 328, 6, 4
1712, 12, 13, 1
1713, 1383, 10, 2
1714, 489, 82, 9
1715, 1814, 28, 6
1716, 143, 76, 5
1717, 388, 45, 2
1718, 1593, 90, 1
1719, 951, 96, 5
1720, 950, 72, 4
1721, 1133, 9, 7
1722, 1956, 74, 6
1723, 1194, 13, 10
1724, 516, 33, 2
1725, 1794, 84, 1
1726, 1779, 98, 2
1727, 640, 12, 1
1728, 1261, 24, 8
1729, 764, 54, 10
1730, 121, 33, 5
1731, 862, 32, 7
1732, 1940, 76, 3
1733, 628, 54, 10
1734, 475, 10, 1
1735, 160, 13, 5
1736, 1966, 16, 9
1737, 1367, 46, 2
1738, 291, 73, 8
1739, 789, 55, 1
1740, 1681, 41, 1
1741, 1326, 49, 5
1742, 1405, 73, 7
1743, 1164, 66, 9
1744, 1264, 26, 2
1745, 412, 5, 3
1746, 1082, 30, 7
1747, 1257, 37, 1
1748, 1641, 30, 1
1749, 1654, 39, 6
1750, 1019, 74, 8
1751, 1618, 12, 1
1752, 279, 41, 4
1753, 963, 51, 5
1754, 850, 73, 5
1755, 222, 64, 3
1756, 1509, 36, 8
1757, 381, 30, 9
1758, 239, 19, 3
1759, 525, 19, 9
1760, 449, 100, 8
1761, 1137, 14, 3
1762, 60, 25, 7
1763, 54, 26, 6
1764, 1760, 4, 5
1765, 62, 34, 10
1766, 1535, 5, 9
1767, 1344, 73, 4
1768, 1912, 21, 7
1769, 450, 32, 10
1770, 1160, 25, 2
1771, 1835, 67, 4
1772, 1829, 51, 3
1773, 1989, 21, 6
1774, 730, 85, 7
1775, 1450, 76, 1
1776, 506, 10, 3
1777, 131, 69, 4
1778, 271, 87, 4
1779, 208, 80, 8
1780, 580, 7, 9
1781, 1581, 85, 7
1782, 1928, 20, 2
1783, 820, 7, 9
1784, 1548, 66, 1
1785, 1312, 30, 2
1786, 674, 78, 3
1787, 1397, 5, 10
1788, 205, 72, 10
1789, 1796, 29, 2
1790, 398, 25, 10
1791, 95, 21, 7
1792, 1431, 52, 6
1793, 1627, 10, 6
1794, 842, 52, 7
1795, 1482, 83, 5
1796, 396, 3, 4
1797, 1947, 35, 5
1798, 1206, 58, 7
1799, 45, 35, 7
1800, 1598, 38, 7
1801, 384, 92, 7
1802, 1711, 15, 1
1803, 573, 13, 6
1804, 1296, 48, 2
1805, 1885, 6, 6
1806, 98, 94, 4
1807, 1331, 17, 4
1808, 644, 10, 10
1809, 1884, 94, 1
1810, 586, 46, 4
1811, 819, 62, 6
1812, 1076, 84, 10
1813, 536, 28, 5
1814, 1604, 52, 8
1815, 391, 25, 6
1816, 801, 87, 1
1817, 835, 66, 1
1818, 472, 84, 8
1819, 601, 8, 10
1820, 881, 87, 4
1821, 1117, 80, 4
1822, 494, 89, 7
1823, 1620, 33, 2
1824, 652, 48, 2
1825, 1603, 3, 1
1826, 453, 56, 1
1827, 592, 2, 4
1828, 1694, 22, 6
1829, 1818, 64, 10
1830, 38, 53, 1
1831, 491, 12, 9
1832, 1361, 78, 3
1833, 457, 4, 4
1834, 655, 46, 2
1835, 1290, 22, 2
1836, 515, 37, 2
1837, 948, 75, 2
1838, 712, 57, 10
1839, 787, 8, 5
1840, 1083, 62, 5
1841, 1516, 59, 10
1842, 901, 71, 5
1843, 1714, 63, 8
1844, 1432, 17, 9
1845, 879, 43, 10
1846, 1946, 21, 6
1847, 638, 73, 8
1848, 1730, 88, 5
1849, 1242, 10, 8
1850, 163, 49, 9
1851, 761, 74, 9
1852, 1765, 61, 6
1853, 499, 11, 2
1854, 989, 47, 6
1855, 1062, 44, 8
1856, 893, 55, 8
1857, 1221, 13, 8
1858, 1727, 29, 9
1859, 740, 20, 2
1860, 1647, 84, 1
1861, 1086, 78, 1
1862, 1387, 41, 7
1863, 1458, 23, 6
1864, 454, 51, 4
1865, 20, 65, 1
1866, 542, 7, 3
1867, 772, 17, 8
1868, 1722, 49, 5
1869, 1633, 61, 2
1870, 1392, 69, 6
1871, 1550, 23, 2
1872, 812, 29, 1
1873, 1847, 9, 1
1874, 1430, 26, 3
1875, 298, 54, 9
1876, 1132, 57, 2
1877, 908, 47, 3
1878, 1386, 48, 4
1879, 1997, 40, 5
1880, 771, 20, 1
1881, 643, 99, 9
1882, 1943, 90, 10
1883, 118, 55, 6
1884, 739, 23, 1
1885, 1390, 84, 10
1886, 743, 6, 8
1887, 1157, 17, 10
1888, 1700, 50, 1
1889, 1534, 19, 3
1890, 826, 32, 2
1891, 1050, 72, 9
1892, 1682, 35, 10
1893, 1639, 16, 6
1894, 212, 62, 7
1895, 1060, 29, 4
1896, 1578, 30, 8
1897, 482, 30, 3
1898, 1452, 46, 4
1899, 140, 84, 10
1900, 1304, 61, 5
1901, 442, 52, 10
1902, 199, 44, 4
1903, 736, 63, 1
1904, 1041, 31, 3
1905, 589, 87, 10
1906, 1168, 26, 7
1907, 281, 15, 5
1908, 941, 21, 8
1909, 310, 84, 4
1910, 838, 72, 3
1911, 1756, 5, 9
1912, 848, 67, 9
1913, 704, 45, 1
1914, 180, 62, 5
1915, 498, 3, 3
1916, 1422, 93, 6
1917, 1983, 69, 4
1918, 1317, 67, 7
1919, 794, 93, 6
1920, 1470, 85, 4
1921, 1715, 69, 6
1922, 414, 73, 8
1923, 1685, 43, 9
1924, 1984, 36, 4
1925, 418, 67, 1
1926, 1, 34, 6
1927, 673, 30, 9
1928, 1952, 46, 2
1929, 877, 68, 6
1930, 451, 14, 1
1931, 666, 72, 10
1932, 1646, 1, 10
1933, 1636, 31, 10
1934, 387, 19, 10
1935, 1630, 7, 4
1936, 584, 94, 7
1937, 1442, 70, 10
1938, 1022, 91, 5
1939, 795, 84, 8
1940, 367, 61, 6
1941, 1950, 58, 5
1942, 1063, 82, 5
1943, 175, 77, 8
1944, 1437, 3, 4
1945, 267, 55, 4
1946, 1149, 63, 3
1947, 1804, 13, 1
1948, 1184, 27, 5
1949, 1567, 22, 4
1950, 1532, 97, 6
1951, 1415, 20, 9
1952, 232, 63, 1
1953, 1490, 65, 2
1954, 715, 44, 7
1955, 275, 37, 9
1956, 1908, 86, 10
1957, 369, 95, 6
1958, 1822, 87, 1
1959, 455, 77, 3
1960, 299, 73, 6
1961, 1850, 78, 9
1962, 1712, 32, 3
1963, 323, 4, 7
1964, 1211, 72, 9
1965, 1469, 51, 4
1966, 37, 21, 3
1967, 1485, 5, 2
1968, 1531, 16, 9
1969, 1007, 38, 7
1970, 422, 23, 1
1971, 549, 91, 9
1972, 517, 68, 2
1973, 1267, 40, 9
1974, 1522, 78, 2
1975, 1894, 92, 7
1976, 326, 65, 8
1977, 914, 42, 8
1978, 1345, 26, 8
1979, 729, 45, 6
1980, 1554, 72, 3
1981, 1515, 80, 2
1982, 844, 85, 5
1983, 1953, 37, 5
1984, 700, 89, 2
1985, 1511, 93, 3
1986, 11, 72, 9
1987, 581, 1, 9
1988, 1255, 83, 8
1989, 147, 59, 9
1990, 237, 37, 2
1991, 562, 7, 5
1992, 737, 92, 3
1993, 1954, 25, 5
1994, 1128, 92, 3
1995, 662, 50, 3
1996, 1412, 11, 3
1997, 1002, 99, 2
1998, 1176, 88, 3
1999, 278, 5, 7
2000, 1303, 77, 3
2001, 886, 5, 3
2002, 1508, 37, 2
2003, 1875, 75, 8
2004, 1930, 19, 4
2005, 1405, 8, 4
2006, 703, 77, 1
2007, 1878, 4, 3
2008, 1569, 41, 3
2009, 1619, 45, 1
2010, 573, 69, 10
2011, 462, 56, 1
2012, 1143, 89, 2
2013, 880, 29, 9
2014, 1765, 80, 7
2015, 1157, 7, 6
2016, 1073, 2, 2
2017, 1021, 81, 9
2018, 1629, 98, 2
2019, 1617, 1, 10
2020, 1037, 4, 10
2021, 80, 5, 3
2022, 532, 67, 1
2023, 690, 100, 7
2024, 855, 73, 4
2025, 269, 40, 10
2026, 1525, 29, 3
2027, 1822, 57, 1
2028, 191, 36, 5
2029, 963, 39, 7
2030, 1551, 70, 9
2031, 515, 71, 3
2032, 784, 55, 1
2033, 1863, 85, 9
2034, 857, 58, 1
2035, 1536, 41, 4
2036, 996, 3, 9
2037, 55, 29, 6
2038, 1178, 94, 9
2039, 1255, 65, 6
2040, 1100, 92, 9
2041, 566, 12, 10
2042, 206, 62, 10
2043, 1547, 71, 5
2044, 1749, 34, 9
2045, 136, 90, 9
2046, 588, 53, 7
2047, 315, 88, 9
2048, 332, 48, 10
2049, 1602, 55, 5
2050, 283, 91, 7
2051, 801, 88, 1
2052, 810, 84, 10
2053, 953, 55, 4
2054, 525, 1, 3
2055, 258, 99, 8
2056, 1683, 72, 1
2057, 1932, 58, 6
2058, 780, 57, 1
2059, 794, 47, 9
2060, 1889, 80, 2
2061, 23, 59, 5
2062, 488, 12, 2
2063, 1258, 19, 5
2064, 742, 64, 3
2065, 1967, 41, 4
2066, 475, 25, 5
2067, 921, 92, 6
2068, 999, 85, 1
2069, 60, 7, 3
2070, 1083, 23, 1
2071, 957, 17, 10
2072, 333, 69, 3
2073, 111, 21, 6
2074, 1862, 4, 4
2075, 508, 62, 9
2076, 477, 84, 7
2077, 41, 91, 1
2078, 1651, 7, 6
2079, 492, 54, 7
2080, 992, 7, 3
2081, 1212, 59, 8
2082, 508, 56, 2
2083, 1403, 91, 1
2084, 1605, 40, 5
2085, 1850, 76, 4
2086, 1617, 18, 9
2087, 1635, 6, 5
2088, 1067, 50, 10
2089, 1951, 37, 3
2090, 1200, 36, 5
2091, 1350, 98, 7
2092, 851, 27, 10
2093, 180, 25, 4
2094, 25, 44, 4
2095, 1322, 67, 3
2096, 91, 28, 6
2097, 858, 47, 1
2098, 997, 35, 10
2099, 1114, 92, 2
2100, 62, 82, 5
2101, 1896, 14, 10
2102, 1150, 23, 7
2103, 433, 23, 1
2104, 783, 96, 10
2105, 1643, 96, 5
2106, 1025, 99, 4
2107, 252, 97, 7
2108, 1501, 48, 10
2109, 336, 29, 5
2110, 1911, 9, 9
2111, 131, 42, 4
2112, 409, 91, 5
2113, 1624, 8, 6
2114, 1275, 33, 7
2115, 379, 52, 2
2116, 1659, 80, 1
2117, 272, 8, 6
2118, 1006, 78, 8
2119, 690, 10, 7
2120, 219, 69, 9
2121, 738, 80, 6
2122, 1438, 66, 1
2123, 864, 12, 1
2124, 195, 47, 4
2125, 421, 68, 10
2126, 380, 31, 3
2127, 1007, 54, 6
2128, 794, 67, 2
2129, 613, 45, 7
2130, 548, 50, 6
2131, 1648, 26, 3
2132, 949, 6, 9
2133, 1527, 78, 3
2134, 911, 71, 8
2135, 2, 40, 2
2136, 1167, 41, 2
2137, 1445, 6, 4
2138, 172, 23, 7
2139, 1143, 76, 10
2140, 1296, 18, 6
2141, 713, 21, 3
2142, 1589, 83, 2
2143, 1372, 39, 8
2144, 1810, 40, 4
2145, 1841, 66, 8
2146, 421, 1, 2
2147, 1501, 100, 2
2148, 1031, 82, 5
2149, 519, 91, 2
2150, 1326, 6, 2
2151, 1547, 35, 10
2152, 1374, 76, 3
2153, 530, 51, 8
2154, 417, 7, 6
2155, 1731, 60, 1
2156, 1565, 26, 10
2157, 1333, 9, 7
2158, 1247, 68, 7
2159, 789, 8, 2
2160, 33, 26, 4
2161, 1883, 71, 9
2162, 1491, 91, 10
2163, 1861, 8, 8
2164, 1209, 8, 4
2165, 1029, 47, 10
2166, 1978, 57, 10
2167, 1402, 47, 4
2168, 585, 41, 10
2169, 1865, 34, 2
2170, 1186, 4, 3
2171, 1977, 16, 1
2172, 579, 25, 8
2173, 480, 86, 4
2174, 263, 18, 8
2175, 661, 82, 3
2176, 1928, 15, 2
2177, 1827, 37, 9
2178, 1701, 6, 4
2179, 653, 67, 2
2180, 1205, 100, 2
2181, 1883, 16, 8
2182, 1647, 45, 7
2183, 922, 92, 3
2184, 993, 27, 4
2185, 1930, 11, 9
2186, 470, 39, 10
2187, 251, 30, 4
2188, 523, 28, 7
2189, 130, 33, 2
2190, 1660, 8, 1
2191, 1079, 38, 9
2192, 906, 31, 10
2193, 1273, 95, 9
2194, 1327, 78, 4
2195, 439, 19, 8
2196, 132, 29, 8
2197, 1006, 100, 6
2198, 411, 57, 6
2199, 1158, 61, 7
2200, 921, 18, 2
2201, 20, 52, 8
2202, 1344, 34, 10
2203, 1326, 23, 5
2204, 1056, 98, 9
2205, 1377, 86, 6
2206, 891, 77, 8
2207, 1384, 50, 5
2208, 919, 46, 4
2209, 1371, 2, 10
2210, 360, 38, 2
2211, 1671, 65, 4
2212, 113, 83, 9
2213, 295, 20, 3
2214, 876, 20, 4
2215, 330, 45, 8
2216, 320, 6, 5
2217, 839, 99, 8
2218, 1944, 2, 6
2219, 501, 65, 8
2220, 795, 18, 9
2221, 38, 73, 7
2222, 1121, 21, 8
2223, 1826, 52, 8
2224, 1122, 28, 8
2225, 1530, 67, 10
2226, 724, 95, 2
2227, 1041, 95, 6
2228, 1860, 44, 2
2229, 1790, 38, 1
2230, 702, 73, 1
2231, 1601, 62, 1
2232, 762, 54, 9
2233, 434, 77, 7
2234, 1154, 5, 3
2235, 1874, 62, 3
2236, 933, 49, 7
2237, 312, 15, 5
2238, 1211, 24, 4
2239, 1202, 72, 4
2240, 1467, 67, 3
2241, 261, 100, 7
2242, 345, 62, 4
2243, 1848, 70, 3
2244, 1816, 58, 5
2245, 329, 32, 3
2246, 1744, 50, 2
2247, 952, 8, 4
2248, 791, 82, 2
2249, 1588, 75, 10
2250, 644, 83, 8
2251, 1451, 67, 2
2252, 472, 92, 3
2253, 1631, 56, 5
2254, 1656, 50, 7
2255, 706, 61, 3
2256, 292, 96, 6
2257, 11, 58, 3
2258, 861, 17, 5
2259, 1167, 72, 5
2260, 469, 11, 10
2261, 1008, 61, 1
2262, 1551, 44, 5
2263, 104, 21, 9
2264, 73, 4, 3
2265, 1677, 28, 1
2266, 1523, 24, 4
2267, 1826, 26, 2
2268, 654, 77, 10
2269, 1489, 35, 4
2270, 1205, 92, 4
2271, 830, 64, 9
2272, 767, 1, 7
2273, 1115, 31, 5
2274, 389, 35, 8
2275, 1867, 70, 10
2276, 1365, 22, 4
2277, 1948, 61, 2
2278, 1449, 87, 6
2279, 239, 42, 9
2280, 1986, 41, 10
2281, 925, 16, 5
2282, 389, 4, 2
2283, 1435, 3, 5
2284, 239, 62, 5
2285, 1111, 36, 6
2286, 1503, 4, 6
2287, 562, 86, 4
2288, 382, 3, 4
2289, 774, 37, 10
2290, 1798, 30, 6
2291, 414, 26, 1
2292, 1921, 23, 9
2293, 1714, 33, 10
2294, 1371, 35, 5
2295, 1975, 58, 1
2296, 610, 68, 4
2297, 131, 21, 6
2298, 431, 61, 5
2299, 953, 25, 6
2300, 1397, 95, 1
2301, 1735, 87, 3
2302, 291, 93, 7
2303, 1977, 1, 8
2304, 513, 68, 4
2305, 1291, 64, 1
2306, 1495, 71, 4
2307, 1995, 34, 4
2308, 1380, 23, 2
2309, 779, 38, 3
2310, 1218, 16, 10
2311, 1180, 50, 10
2312, 60, 69, 1
2313, 1151, 33, 2
2314, 872, 19, 5
2315, 1391, 5, 2
2316, 1450, 55, 3
2317, 1131, 59, 6
2318, 1728, 81, 7
2319, 1567, 46, 7
2320, 426, 77, 4
2321, 26, 83, 6
2322, 1213, 81, 1
2323, 1256, 6, 3
2324, 1526, 63, 2
2325, 1470, 18, 1
2326, 412, 16, 8
2327, 154, 26, 9
2328, 1809, 51, 6
2329, 1152, 24, 5
2330, 819, 74, 10
2331, 1955, 49, 10
2332, 1336, 34, 8
2333, 1832, 34, 10
2334, 99, 49, 2
2335, 383, 3, 9
2336, 1883, 80, 5
2337, 1809, 70, 1
2338, 1532, 31, 7
2339, 934, 24, 8
2340, 642, 4, 10
2341, 1859, 97, 10
2342, 295, 88, 6
2343, 731, 69, 10
2344, 498, 21, 9
2345, 1509, 18, 6
2346, 648, 50, 5
2347, 277, 45, 8
2348, 935, 20, 4
2349, 87, 27, 9
2350, 1513, 45, 9
2351, 388, 26, 2
2352, 1333, 74, 8
2353, 1648, 4, 4
2354, 507, 77, 2
2355, 1579, 70, 2
2356, 607, 13, 6
2357, 578, 19, 6
2358, 1679, 19, 4
2359, 220, 85, 1
2360, 642, 95, 3
2361, 1711, 74, 4
2362, 1387, 61, 7
2363, 1980, 36, 1
2364, 178, 4, 5
2365, 1262, 65, 7
2366, 48, 11, 1
2367, 363, 11, 6
2368, 1354, 66, 3
2369, 632, 97, 8
2370, 287, 63, 8
2371, 104, 33, 10
2372, 505, 38, 9
2373, 1121, 64, 3
2374, 275, 12, 3
2375, 887, 50, 1
2376, 1696, 5, 4
2377, 972, 19, 7
2378, 1762, 23, 1
2379, 1736, 95, 3
2380, 594, 40, 2
2381, 1719, 96, 3
2382, 1573, 19, 3
2383, 895, 5, 7
2384, 1307, 62, 1
2385, 439, 96, 10
2386, 238, 51, 5
2387, 193, 27, 3
2388, 809, 62, 2
2389, 88, 45, 1
2390, 1169, 27, 1
2391, 1961, 98, 7
2392, 944, 78, 7
2393, 1388, 82, 7
2394, 722, 92, 10
2395, 1696, 23, 4
2396, 1119, 42, 7
2397, 727, 5, 9
2398, 965, 28, 1
2399, 346, 25, 5
2400, 457, 8, 4
2401, 860, 38, 3
2402, 1981, 91, 5
2403, 1531, 26, 9
2404, 1335, 48, 7
2405, 1647, 68, 9
2406, 1140, 75, 10
2407, 1053, 90, 5
2408, 978, 41, 2
2409, 1279, 21, 8
2410, 1393, 71, 4
2411, 565, 7, 8
2412, 181, 65, 1
2413, 1302, 36, 9
2414, 815, 91, 1
2415, 346, 8, 2
2416, 1127, 98, 7
2417, 1784, 20, 7
2418, 322, 28, 5
2419, 1880, 14, 9
2420, 895, 73, 7
2421, 1069, 56, 7
2422, 1244, 100, 10
2423, 607, 33, 1
2424, 1432, 38, 6
2425, 1188, 32, 6
2426, 821, 24, 6
2427, 59, 59, 6
2428, 140, 71, 6
2429, 1501, 19, 10
2430, 928, 18, 9
2431, 728, 32, 7
2432, 710, 56, 1
2433, 218, 71, 5
2434, 130, 54, 2
2435, 1052, 45, 8
2436, 1704, 60, 7
2437, 1562, 48, 4
2438, 469, 69, 8
2439, 1161, 56, 1
2440, 980, 69, 7
2441, 779, 15, 2
2442, 1970, 18, 4
2443, 1398, 89, 2
2444, 782, 20, 6
2445, 610, 89, 3
2446, 549, 94, 7
2447, 417, 2, 10
2448, 871, 25, 7
2449, 1633, 6, 6
2450, 738, 62, 7
2451, 827, 29, 6
2452, 957, 87, 2
2453, 1549, 91, 4
2454, 285, 26, 2
2455, 504, 19, 5
2456, 1878, 41, 6
2457, 466, 25, 4
2458, 639, 41, 5
2459, 617, 19, 7
2460, 708, 89, 1
2461, 669, 42, 6
2462, 1964, 5, 7
2463, 16, 5, 4
2464, 1195, 49, 5
2465, 1917, 62, 4
2466, 1273, 90, 8
2467, 1240, 76, 4
2468, 1719, 20, 9
2469, 1150, 95, 8
2470, 1058, 59, 9
2471, 1975, 58, 5
2472, 929, 18, 5
2473, 170, 93, 7
2474, 1937, 52, 3
2475, 825, 85, 8
2476, 760, 84, 4
2477, 182, 16, 2
2478, 1346, 79, 8
2479, 1937, 28, 5
2480, 245, 59, 5
2481, 557, 33, 2
2482, 891, 82, 5
2483, 1111, 18, 9
2484, 175, 56, 10
2485, 4, 100, 7
2486, 65, 6, 5
2487, 113, 8, 2
2488, 806, 94, 5
2489, 1811, 72, 2
2490, 1501, 27, 9
2491, 119, 62, 8
2492, 179, 9, 10
2493, 259, 21, 4
2494, 149, 27, 5
2495, 479, 27, 8
2496, 1797, 15, 8
2497, 353, 83, 6
2498, 1518, 22, 7
2499, 1402, 77, 2
2500, 655, 56, 5
2501, 1847, 44, 3
2502, 1127, 36, 5
2503, 850, 64, 1
2504, 534, 7, 1
2505, 347, 91, 6
2506, 761, 1, 1
2507, 1608, 19, 9
2508, 1327, 51, 9
2509, 1533, 1, 6
2510, 1682, 66, 5
2511, 1286, 30, 9
2512, 1790, 48, 7
2513, 217, 30, 3
2514, 1000, 96, 3
2515, 646, 39, 7
2516, 1154, 96, 10
2517, 1454, 89, 2
2518, 1618, 80, 9
2519, 613, 3, 4
2520, 1347, 98, 9
2521, 498, 61, 9
2522, 778, 58, 4
2523, 1936, 38, 10
2524, 1846, 6, 9
2525, 251, 7, 6
2526, 103, 27, 6
2527, 65, 99, 7
2528, 16, 26, 7
2529, 1587, 20, 1
2530, 318, 29, 7
2531, 1662, 10, 10
2532, 1775, 98, 10
2533, 1521, 80, 10
2534, 1408, 93, 5
2535, 1846, 63, 7
2536, 63, 23, 1
2537, 1783, 42, 6
2538, 1302, 41, 7
2539, 929, 39, 9
2540, 144, 14, 8
2541, 789, 16, 7
2542, 769, 60, 6
2543, 155, 7, 1
2544, 861, 68, 4
2545, 864, 59, 3
2546, 150, 92, 4
2547, 997, 14, 3
2548, 176, 78, 9
2549, 1175, 59, 7
2550, 1326, 19, 9
2551, 1713, 85, 9
2552, 266, 79, 2
2553, 363, 52, 1
2554, 723, 38, 1
2555, 496, 73, 6
2556, 680, 97, 9
2557, 1969, 73, 2
2558, 1229, 70, 5
2559, 785, 56, 6
2560, 375, 90, 2
2561, 655, 35, 10
2562, 1285, 92, 6
2563, 704, 49, 5
2564, 1088, 60, 8
2565, 1976, 7, 6
2566, 345, 57, 6
2567, 1665, 75, 1
2568, 1143, 100, 6
2569, 1788, 73, 8
2570, 885, 48, 10
2571, 959, 61, 1
2572, 278, 76, 7
2573, 264, 56, 6
2574, 1162, 68, 4
2575, 142, 87, 1
2576, 1536, 99, 10
2577, 191, 71, 10
2578, 1776, 86, 1
2579, 1601, 81, 4
2580, 264, 34, 8
2581, 1019, 82, 6
2582, 1487, 19, 2
2583, 1425, 13, 3
2584, 1847, 35, 1
2585, 971, 82, 9
2586, 1571, 2, 3
2587, 547, 61, 7
2588, 1653, 74, 6
2589, 625, 39, 1
2590, 1765, 82, 8
2591, 1244, 95, 3
2592, 840, 91, 4
2593, 368, 51, 5
2594, 1646, 4, 2
2595, 60, 84, 6
2596, 368, 30, 9
2597, 1687, 61, 2
2598, 1470, 49, 6
2599, 1805, 43, 5
2600, 1404, 25, 10
2601, 246, 84, 1
2602, 210, 41, 4
2603, 1470, 18, 2
2604, 1085, 70, 5
2605, 51, 42, 9
2606, 27, 95, 4
2607, 1768, 43, 2
2608, 721, 30, 10
2609, 977, 78, 7
2610, 1699, 33, 8
2611, 1141, 86, 3
2612, 1443, 54, 9
2613, 1925, 49, 9
2614, 1923, 57, 2
2615, 336, 4, 2
2616, 1062, 64, 2
2617, 1069, 38, 4
2618, 615, 8, 6
2619, 709, 81, 9
2620, 713, 77, 2
2621, 1319, 100, 5
2622, 218, 63, 5
2623, 1038, 91, 3
2624, 397, 62, 5
2625, 482, 77, 2
2626, 1702, 3, 5
2627, 191, 45, 2
2628, 1754, 49, 6
2629, 60, 13, 4
2630, 1483, 63, 7
2631, 1254, 47, 7
2632, 776, 87, 3
2633, 1808, 4, 9
2634, 1080, 22, 1
2635, 1707, 28, 1
2636, 930, 4, 1
2637, 258, 90, 8
2638, 1359, 40, 8
2639, 1624, 95, 7
2640, 1469, 40, 1
2641, 1730, 21, 2
2642, 1707, 43, 9
2643, 1565, 51, 2
2644, 63, 96, 1
2645, 819, 26, 9
2646, 1604, 92, 2
2647, 1499, 61, 1
2648, 323, 56, 6
2649, 526, 52, 2
2650, 379, 42, 3
2651, 1859, 76, 1
2652, 1857, 21, 2
2653, 1710, 66, 10
2654, 1560, 35, 3
2655, 482, 13, 1
2656, 707, 66, 10
2657, 1057, 75, 10
2658, 1016, 90, 9
2659, 627, 86, 4
2660, 138, 73, 2
2661, 673, 32, 4
2662, 1916, 18, 6
2663, 474, 88, 10
2664, 1992, 8, 2
2665, 1046, 24, 4
2666, 676, 45, 10
2667, 1232, 100, 7
2668, 48, 46, 2
2669, 82, 32, 1
2670, 274, 8, 5
2671, 760, 66, 8
2672, 624, 72, 1
2673, 1663, 82, 1
2674, 1683, 19, 4
2675, 213, 94, 10
2676, 1079, 89, 10
2677, 1695, 67, 7
2678, 608, 48, 3
2679, 334, 13, 10
2680, 1385, 78, 9
2681, 425, 21, 10
2682, 1818, 30, 6
2683, 1927, 16, 4
2684, 1912, 71, 1
2685, 1092, 43, 7
2686, 107, 9, 7
2687, 1509, 8, 9
2688, 1285, 55, 5
2689, 1354, 63, 8
2690, 384, 61, 8
2691, 1558, 25, 5
2692, 77, 30, 2
2693, 756, 30, 4
2694, 1741, 71, 10
2695, 1539, 78, 6
2696, 40, 58, 9
2697, 53, 80, 5
2698, 769, 96, 9
2699, 1579, 10, 4
2700, 195, 83, 6
2701, 1885, 32, 5
2702, 1904, 98, 3
2703, 1205, 1, 7
2704, 1077, 28, 2
2705, 531, 63, 5
2706, 471, 32, 10
2707, 921, 58, 2
2708, 87, 100, 1
2709, 614, 28, 9
2710, 1969, 78, 9
2711, 1332, 56, 1
2712, 245, 58, 6
2713, 474, 32, 3
2714, 976, 94, 5
2715, 703, 40, 9
2716, 1658, 2, 2
2717, 723, 32, 4
2718, 671, 78, 10
2719, 1411, 73, 7
2720, 33, 41, 4
2721, 1753, 1, 10
2722, 188, 100, 2
2723, 307, 52, 3
2724, 254, 67, 5
2725, 479, 71, 3
2726, 26, 57, 5
2727, 1469, 32, 3
2728, 1571, 27, 5
2729, 1128, 37, 5
2730, 1116, 41, 6
2731, 391, 55, 1
2732, 679, 31, 6
2733, 575, 81, 2
2734, 357, 38, 10
2735, 1498, 59, 7
2736, 474, 40, 8
2737, 1051, 44, 3
2738, 1396, 99, 2
2739, 774, 22, 8
2740, 1163, 86, 8
2741, 1365, 19, 4
2742, 933, 50, 1
2743, 1610, 21, 6
2744, 963, 17, 5
2745, 1870, 17, 9
2746, 1018, 67, 5
2747, 1046, 68, 1
2748, 659, 11, 8
2749, 681, 65, 7
2750, 1232, 44, 10
2751, 1287, 83, 10
2752, 1889, 80, 9
2753, 504, 19, 7
2754, 629, 75, 5
2755, 774, 42, 9
2756, 473, 85, 7
2757, 943, 59, 2
2758, 127, 97, 4
2759, 1957, 87, 4
2760, 919, 1, 1
2761, 1547, 41, 3
2762, 272, 93, 6
2763, 1552, 5, 7
2764, 1289, 48, 5
2765, 1878, 44, 4
2766, 1933, 97, 2
2767, 228, 4, 6
2768, 1593, 38, 3
2769, 770, 52, 10
2770, 982, 17, 6
2771, 1014, 76, 5
2772, 1856, 27, 4
2773, 1734, 27, 1
2774, 1975, 78, 9
2775, 299, 16, 2
2776, 239, 61, 2
2777, 992, 76, 5
2778, 1956, 69, 8
2779, 1048, 84, 10
2780, 80, 30, 9
2781, 560, 53, 7
2782, 586, 51, 7
2783, 1342, 19, 6
2784, 370, 41, 10
2785, 1382, 91, 6
2786, 954, 77, 7
2787, 123, 39, 8
2788, 427, 63, 10
2789, 1632, 37, 2
2790, 1577, 25, 2
2791, 391, 90, 7
2792, 654, 7, 1
2793, 843, 18, 10
2794, 1178, 88, 6
2795, 1570, 13, 1
2796, 1956, 28, 8
2797, 957, 93, 4
2798, 1460, 42, 9
2799, 703, 34, 8
2800, 351, 87, 1
2801, 628, 87, 2
2802, 344, 52, 6
2803, 295, 87, 3
2804, 1857, 70, 4
2805, 566, 79, 1
2806, 1810, 36, 5
2807, 1269, 74, 5
2808, 1028, 60, 7
2809, 445, 14, 8
2810, 457, 76, 5
2811, 1201, 60, 5
2812, 28, 78, 10
2813, 1749, 89, 6
2814, 1513, 22, 9
2815, 643, 1, 1
2816, 400, 70, 1
2817, 1580, 24, 10
2818, 901, 100, 1
2819, 1502, 82, 6
2820, 414, 82, 5
2821, 1150, 30, 3
2822, 1506, 88, 9
2823, 223, 62, 9
2824, 1461, 70, 7
2825, 628, 36, 8
2826, 741, 34, 4
2827, 889, 72, 10
2828, 1092, 20, 3
2829, 1935, 76, 6
2830, 886, 81, 7
2831, 1862, 46, 7
2832, 1239, 4, 2
2833, 622, 33, 6
2834, 710, 65, 9
2835, 1748, 59, 5
2836, 843, 76, 9
2837, 257, 100, 10
2838, 1124, 92, 1
2839, 162, 51, 10
2840, 1744, 33, 3
2841, 576, 2, 2
2842, 869, 100, 1
2843, 1677, 47, 9
2844, 1012, 20, 3
2845, 852, 53, 2
2846, 1625, 1, 4
2847, 1268, 68, 9
2848, 23, 45, 4
2849, 1336, 58, 4
2850, 434, 82, 3
2851, 940, 73, 3
2852, 896, 18, 7
2853, 1541, 78, 7
2854, 1527, 3, 5
2855, 1448, 66, 2
2856, 199, 28, 9
2857, 224, 9, 4
2858, 318, 35, 2
2859, 1809, 84, 6
2860, 1941, 43, 2
2861, 954, 36, 10
2862, 176, 59, 3
2863, 1734, 87, 9
2864, 1919, 60, 10
2865, 1691, 34, 1
2866, 909, 12, 4
2867, 505, 3, 5
2868, 1752, 17, 8
2869, 1555, 90, 6
2870, 744, 37, 7
2871, 1806, 90, 2
2872, 1549, 72, 5
2873, 341, 100, 10
2874, 1285, 13, 8
2875, 1561, 75, 3
2876, 1090, 52, 7
2877, 1625, 65, 1
2878, 1031, 77, 2
2879, 666, 24, 6
2880, 1186, 37, 3
2881, 502, 98, 6
2882, 878, 85, 5
2883, 1920, 15, 8
2884, 813, 51, 7
2885, 1185, 72, 2
2886, 740, 5, 5
2887, 1151, 23, 7
2888, 690, 63, 1
2889, 141, 83, 8
2890, 1248, 51, 9
2891, 391, 87, 6
2892, 1844, 30, 4
2893, 456, 18, 9
2894, 684, 60, 9
2895, 1371, 10, 10
2896, 1841, 11, 5
2897, 1639, 55, 7
2898, 169, 29, 6
2899, 1859, 57, 5
2900, 406, 24, 10
2901, 279, 88, 5
2902, 666, 35, 3
2903, 1367, 43, 8
2904, 296, 41, 9
2905, 1705, 4, 9
2906, 1509, 51, 10
2907, 80, 71, 2
2908, 1028, 53, 5
2909, 528, 49, 3
2910, 733, 33, 8
2911, 1364, 54, 10
2912, 686, 34, 5
2913, 16, 15, 3
2914, 340, 71, 4
2915, 965, 52, 7
2916, 1567, 92, 1
2917, 222, 90, 6
2918, 1142, 47, 8
2919, 976, 68, 5
2920, 336, 85, 7
2921, 1111, 5, 7
2922, 1400, 21, 6
2923, 502, 71, 4
2924, 1404, 93, 6
2925, 1623, 62, 3
2926, 967, 83, 6
2927, 1440, 46, 10
2928, 1786, 61, 4
2929, 1056, 59, 7
2930, 1701, 72, 2
2931, 588, 28, 2
2932, 1745, 46, 8
2933, 1755, 87, 8
2934, 806, 67, 4
2935, 806, 47, 9
2936, 556, 36, 7
2937, 1735, 75, 8
2938, 544, 34, 1
2939, 1309, 7, 10
2940, 1493, 32, 6
2941, 1380, 92, 10
2942, 1736, 81, 2
2943, 1340, 86, 4
2944, 71, 48, 10
2945, 805, 17, 3
2946, 177, 41, 7
2947, 73, 96, 3
2948, 1428, 66, 2
2949, 551, 78, 2
2950, 1271, 28, 8
2951, 182, 2, 2
2952, 1358, 4, 7
2953, 1209, 8, 6
2954, 194, 7, 5
2955, 1610, 74, 8
2956, 681, 99, 1
2957, 961, 44, 6
2958, 941, 36, 9
2959, 1890, 85, 6
2960, 1542, 54, 6
2961, 1263, 71, 6
2962, 1246, 60, 5
2963, 1506, 20, 4
2964, 403, 51, 9
2965, 922, 60, 3
2966, 1079, 96, 5
2967, 378, 62, 5
2968, 1479, 37, 10
2969, 1772, 48, 7
2970, 1635, 73, 4
2971, 1006, 47, 6
2972, 18, 97, 2
2973, 1987, 68, 10
2974, 292, 54, 5
2975, 815, 7, 4
2976, 1945, 27, 3
2977, 1454, 29, 7
2978, 1985, 48, 4
2979, 632, 15, 5
2980, 1111, 20, 8
2981, 826, 65, 6
2982, 1204, 36, 6
2983, 590, 44, 5
2984, 1976, 15, 9
2985, 1951, 6, 9
2986, 857, 88, 4
2987, 1423, 54, 4
2988, 1640, 53, 8
2989, 339, 96, 9
2990, 11, 19, 6
2991, 1917, 87, 6
2992, 1681, 47, 5
2993, 738, 97, 5
2994, 1343, 47, 5
2995, 1999, 37, 10
2996, 1914, 82, 6
2997, 47, 84, 10
2998, 1451, 27, 10
2999, 1437, 55, 9
3000, 259, 25, 1
3001, 755, 60, 9
3002, 345, 66, 9
3003, 78, 24, 8
3004, 1542, 55, 8
3005, 104, 3, 4
3006, 1262, 43, 6
3007, 1000, 30, 2
3008, 47, 48, 10
3009, 377, 26, 6
3010, 575, 26, 7
3011, 172, 49, 3
3012, 1317, 43, 6
3013, 1201, 51, 4
3014, 1434, 20, 3
3015, 739, 71, 1
3016, 1849, 6, 9
3017, 1654, 89, 4
3018, 1161, 39, 8
3019, 1569, 89, 4
3020, 916, 31, 1
3021, 1657, 85, 6
3022, 731, 57, 2
3023, 1468, 89, 2
3024, 1126, 62, 8
3025, 1204, 51, 2
3026, 565, 71, 7
3027, 257, 91, 6
3028, 1297, 28, 2
3029, 471, 58, 6
3030, 589, 27, 5
3031, 860, 15, 1
3032, 29, 59, 6
3033, 1272, 5, 5
3034, 319, 99, 6
3035, 1834, 28, 8
3036, 125, 31, 7
3037, 190, 97, 1
3038, 1392, 41, 1
3039, 1141, 14, 1
3040, 326, 9, 9
3041, 1218, 100, 8
3042, 1479, 64, 8
3043, 1922, 18, 4
3044, 392, 43, 4
3045, 489, 20, 3
3046, 499, 11, 1
3047, 1123, 15, 6
3048, 767, 22, 10
3049, 1049, 69, 7
3050, 1167, 25, 1
3051, 956, 77, 9
3052, 1433, 40, 8
3053, 1647, 68, 1
3054, 538, 14, 6
3055, 1884, 31, 6
3056, 1282, 29, 7
3057, 786, 20, 10
3058, 587, 54, 7
3059, 787, 54, 2
3060, 276, 72, 10
3061, 543, 73, 9
3062, 617, 60, 1
3063, 675, 57, 3
3064, 1600, 19, 9
3065, 952, 89, 7
3066, 784, 1, 1
3067, 348, 24, 10
3068, 1539, 53, 8
3069, 1507, 60, 4
3070, 1991, 35, 4
3071, 703, 76, 6
3072, 1787, 12, 3
3073, 1811, 15, 2
3074, 1846, 25, 6
3075, 711, 98, 4
3076, 62, 3, 3
3077, 719, 3, 8
3078, 1805, 45, 4
3079, 983, 91, 8
3080, 644, 29, 9
3081, 885, 56, 10
3082, 263, 98, 7
3083, 157, 24, 3
3084, 1043, 65, 6
3085, 977, 93, 10
3086, 1269, 80, 6
3087, 777, 60, 8
3088, 1489, 87, 3
3089, 487, 85, 7
3090, 1054, 78, 7
3091, 1505, 18, 4
3092, 832, 24, 5
3093, 513, 56, 8
3094, 1179, 75, 3
3095, 237, 38, 3
3096, 1850, 69, 10
3097, 1502, 27, 8
3098, 201, 60, 6
3099, 1538, 16, 4
3100, 1140, 60, 6
3101, 1713, 82, 3
3102, 704, 54, 6
3103, 1141, 79, 7
3104, 679, 92, 2
3105, 1563, 100, 3
3106, 216, 7, 6
3107, 1078, 73, 9
3108, 1635, 45, 8
3109, 1741, 57, 3
3110, 370, 79, 5
3111, 654, 87, 6
3112, 1717, 73, 4
3113, 1189, 60, 10
3114, 28, 75, 7
3115, 1599, 17, 1
3116, 1887, 98, 6
3117, 1242, 88, 6
3118, 854, 42, 4
3119, 1214, 24, 9
3120, 1391, 44, 6
3121, 543, 89, 6
3122, 41, 92, 3
3123, 1288, 99, 1
3124, 1024, 22, 4
3125, 1994, 72, 9
3126, 655, 87, 8
3127, 1735, 81, 10
3128, 85, 45, 10
3129, 279, 32, 6
3130, 1541, 80, 1
3131, 1943, 44, 7
3132, 1101, 33, 8
3133, 1909, 24, 4
3134, 565, 56, 8
3135, 337, 88, 9
3136, 121, 41, 7
3137, 723, 74, 2
3138, 872, 65, 8
3139, 107, 15, 2
3140, 1809, 98, 4
3141, 656, 62, 7
3142, 400, 29, 7
3143, 882, 80, 8
3144, 749, 52, 2
3145, 741, 24, 10
3146, 1115, 74, 1
3147, 77, 64, 10
3148, 1496, 2, 5
3149, 24, 96, 5
3150, 1386, 33, 3
3151, 568, 52, 1
3152, 503, 92, 5
3153, 1175, 12, 4
3154, 1721, 28, 8
3155, 1682, 85, 5
3156, 320, 66, 3
3157, 1542, 21, 7
3158, 577, 45, 8
3159, 236, 71, 8
3160, 1758, 31, 5
3161, 1038, 7, 4
3162, 1361, 61, 1
3163, 1046, 44, 7
3164, 1033, 52, 4
3165, 251, 2, 7
3166, 387, 88, 6
3167, 160, 10, 8
3168, 1403, 67, 5
3169, 1977, 69, 3
3170, 1187, 23, 2
3171, 1154, 12, 6
3172, 374, 9, 8
3173, 1524, 38, 3
3174, 913, 42, 2
3175, 272, 70, 9
3176, 1434, 60, 4
3177, 818, 92, 1
3178, 415, 64, 7
3179, 597, 36, 2
3180, 619, 2, 5
3181, 1830, 3, 3
3182, 558, 19, 2
3183, 835, 96, 6
3184, 711, 75, 6
3185, 250, 42, 1
3186, 106, 55, 7
3187, 381, 40, 7
3188, 621, 33, 5
3189, 1745, 62, 7
3190, 13, 76, 7
3191, 361, 79, 2
3192, 1921, 80, 1
3193, 144, 20, 1
3194, 265, 59, 6
3195, 126, 81, 7
3196, 1029, 64, 2
3197, 543, 76, 2
3198, 663, 7, 5
3199, 573, 10, 10
3200, 1083, 47, 4
3201, 985, 85, 5
3202, 596, 28, 3
3203, 1127, 28, 1
3204, 205, 84, 9
3205, 1893, 52, 8
3206, 1843, 30, 3
3207, 547, 84, 3
3208, 1398, 76, 4
3209, 1719, 9, 6
3210, 949, 52, 5
3211, 1011, 11, 6
3212, 418, 25, 5
3213, 1583, 35, 5
3214, 1916, 52, 7
3215, 1210, 59, 2
3216, 1129, 18, 9
3217, 661, 40, 5
3218, 455, 30, 4
3219, 852, 100, 4
3220, 1601, 11, 6
3221, 1735, 89, 4
3222, 1392, 60, 6
3223, 1386, 26, 7
3224, 970, 94, 3
3225, 1848, 75, 6
3226, 1400, 22, 8
3227, 984, 85, 4
3228, 220, 78, 8
3229, 1501, 93, 6
3230, 1739, 12, 4
3231, 1797, 3, 1
3232, 3, 91, 8
3233, 286, 79, 5
3234, 1752, 17, 8
3235, 550, 47, 6
3236, 803, 31, 6
3237, 1374, 13, 10
3238, 1361, 21, 1
3239, 1337, 55, 10
3240, 1518, 29, 3
3241, 1681, 54, 1
3242, 984, 56, 3
3243, 1745, 76, 8
3244, 1115, 9, 9
3245, 577, 85, 1
3246, 274, 59, 9
3247, 490, 37, 6
3248, 1306, 51, 8
3249, 1779, 69, 6
3250, 1116, 28, 6
3251, 1843, 26, 5
3252, 1755, 20, 5
3253, 1667, 64, 8
3254, 292, 50, 10
3255, 490, 31, 4
3256, 724, 99, 7
3257, 1266, 36, 4
3258, 1754, 22, 2
3259, 161, 21, 1
3260, 682, 33, 6
3261, 897, 42, 1
3262, 1629, 8, 3
3263, 916, 18, 6
3264, 207, 69, 5
3265, 1460, 50, 9
3266, 10, 23, 5
3267, 1404, 1, 6
3268, 722, 84, 4
3269, 1389, 81, 5
3270, 1446, 32, 8
3271, 779, 62, 6
3272, 190, 65, 3
3273, 235, 91, 10
3274, 229, 71, 7
3275, 684, 79, 8
3276, 1761, 3, 7
3277, 1798, 88, 6
3278, 1578, 32, 2
3279, 1727, 24, 4
3280, 213, 52, 3
3281, 1328, 57, 8
3282, 1622, 100, 9
3283, 1638, 44, 10
3284, 1396, 95, 6
3285, 867, 64, 7
3286, 326, 49, 7
3287, 1383, 35, 8
3288, 908, 26, 2
3289, 1595, 88, 5
3290, 1132, 82, 2
3291, 86, 14, 7
3292, 747, 87, 5
3293, 599, 43, 1
3294, 1272, 37, 2
3295, 1349, 99, 3
3296, 1437, 60, 3
3297, 184, 6, 8
3298, 615, 20, 6
3299, 1988, 99, 6
3300, 248, 61, 8
3301, 381, 60, 7
3302, 560, 11, 2
3303, 952, 54, 8
3304, 1681, 90, 8
3305, 1585, 21, 3
3306, 199, 28, 6
3307, 81, 96, 1
3308, 48, 46, 4
3309, 1019, 78, 6
3310, 1106, 99, 4
3311, 1412, 73, 3
3312, 1208, 40, 8
3313, 521, 32, 1
3314, 513, 30, 3
3315, 1129, 99, 4
3316, 313, 21, 8
3317, 1234, 85, 6
3318, 98, 50, 6
3319, 1658, 22, 7
3320, 318, 67, 10
3321, 1150, 30, 10
3322, 1818, 76, 10
3323, 529, 50, 2
3324, 491, 13, 2
3325, 842, 8, 1
3326, 1895, 2, 4
3327, 1013, 21, 4
3328, 1751, 72, 4
3329, 1765, 20, 7
3330, 938, 85, 7
3331, 153, 67, 3
3332, 369, 86, 8
3333, 425, 42, 4
3334, 794, 53, 6
3335, 874, 82, 5
3336, 373, 58, 2
3337, 1968, 3, 6
3338, 827, 53, 10
3339, 971, 86, 6
3340, 773, 88, 4
3341, 892, 89, 3
3342, 1189, 34, 1
3343, 806, 91, 4
3344, 557, 67, 1
3345, 426, 27, 3
3346, 936, 65, 7
3347, 1400, 87, 4
3348, 1735, 21, 4
3349, 1371, 10, 3
3350, 788, 80, 5
3351, 1650, 43, 4
3352, 278, 75, 5
3353, 279, 43, 7
3354, 1791, 62, 4
3355, 1232, 86, 9
3356, 1559, 2, 6
3357, 824, 97, 1
3358, 1832, 40, 4
3359, 1696, 96, 5
3360, 1146, 77, 6
3361, 1111, 71, 8
3362, 1232, 98, 7
3363, 617, 46, 4
3364, 1287, 25, 7
3365, 1071, 46, 1
3366, 1071, 78, 7
3367, 1166, 11, 5
3368, 612, 83, 7
3369, 1971, 9, 5
3370, 316, 44, 1
3371, 918, 75, 3
3372, 1163, 34, 7
3373, 469, 2, 7
3374, 542, 54, 1
3375, 1904, 63, 4
3376, 1345, 78, 6
3377, 1485, 65, 4
3378, 807, 91, 3
3379, 1072, 61, 1
3380, 458, 88, 5
3381, 683, 80, 8
3382, 1577, 51, 5
3383, 1193, 70, 7
3384, 784, 8, 7
3385, 115, 18, 7
3386, 1224, 38, 4
3387, 1774, 91, 3
3388, 1754, 36, 3
3389, 1211, 73, 2
3390, 1669, 10, 2
3391, 530, 93, 6
3392, 1762, 64, 6
3393, 1883, 83, 4
3394, 788, 31, 7
3395, 48, 21, 1
3396, 1832, 28, 9
3397, 585, 65, 9
3398, 1997, 39, 1
3399, 751, 44, 6
3400, 1163, 8, 7
3401, 7, 63, 10
3402, 1815, 23, 10
3403, 1726, 70, 6
3404, 1566, 88, 8
3405, 1138, 80, 10
3406, 667, 57, 2
3407, 608, 96, 2
3408, 352, 15, 3
3409, 1440, 74, 6
3410, 44, 34, 10
3411, 1452, 11, 8
3412, 604, 34, 6
3413, 431, 79, 8
3414, 283, 72, 5
3415, 700, 33, 6
3416, 1047, 32, 6
3417, 13, 3, 5
3418, 656, 90, 6
3419, 391, 79, 8
3420, 1153, 32, 6
3421, 753, 21, 4
3422, 1212, 53, 9
3423, 1862, 88, 2
3424, 43, 51, 1
3425, 1965, 84, 6
3426, 1907, 52, 3
3427, 824, 70, 7
3428, 751, 47, 7
3429, 1956, 43, 2
3430, 879, 87, 10
3431, 1562, 70, 10
3432, 918, 34, 2
3433, 631, 6, 10
3434, 1223, 100, 7
3435, 15, 91, 1
3436, 1355, 1, 6
3437, 799, 81, 9
3438, 1735, 54, 1
3439, 1247, 56, 2
3440, 1733, 36, 9
3441, 767, 15, 1
3442, 224, 7, 10
3443, 616, 62, 8
3444, 827, 27, 2
3445, 513, 75, 1
3446, 199, 6, 5
3447, 1446, 29, 2
3448, 376, 65, 2
3449, 946, 74, 9
3450, 435, 95, 3
3451, 1432, 96, 5
3452, 1558, 29, 9
3453, 1748, 17, 1
3454, 888, 44, 6
3455, 40, 100, 1
3456, 880, 44, 9
3457, 343, 23, 10
3458, 921, 65, 3
3459, 1166, 34, 7
3460, 1368, 72, 1
3461, 1708, 12, 8
3462, 865, 18, 5
3463, 1531, 40, 3
3464, 144, 63, 2
3465, 15, 1, 1
3466, 1817, 40, 2
3467, 1765, 10, 2
3468, 541, 46, 2
3469, 1047, 43, 6
3470, 125, 22, 7
3471, 300, 87, 5
3472, 365, 83, 4
3473, 501, 99, 7
3474, 1809, 83, 5
3475, 480, 55, 8
3476, 434, 90, 4
3477, 1454, 28, 5
3478, 1546, 6, 9
3479, 756, 88, 7
3480, 991, 17, 1
3481, 301, 24, 2
3482, 1023, 93, 1
3483, 1067, 40, 2
3484, 1607, 97, 1
3485, 1841, 41, 4
3486, 149, 55, 3
3487, 838, 94, 3
3488, 1246, 78, 3
3489, 1495, 7, 7
3490, 1377, 53, 7
3491, 1103, 78, 4
3492, 16, 61, 10
3493, 1949, 16, 3
3494, 959, 81, 9
3495, 285, 99, 6
3496, 519, 12, 5
3497, 1916, 8, 3
3498, 713, 79, 4
3499, 1133, 39, 5
3500, 1200, 30, 5
3501, 1784, 15, 2
3502, 1931, 20, 1
3503, 1697, 2, 9
3504, 1765, 62, 5
3505, 766, 14, 10
3506, 1547, 4, 2
3507, 96, 92, 10
3508, 141, 4, 9
3509, 1874, 97, 10
3510, 654, 35, 8
3511, 1810, 90, 8
3512, 1640, 55, 9
3513, 155, 15, 3
3514, 1149, 32, 10
3515, 462, 17, 10
3516, 624, 77, 8
3517, 1508, 100, 1
3518, 78, 47, 6
3519, 1434, 5, 8
3520, 641, 5, 6
3521, 1417, 40, 10
3522, 1575, 18, 2
3523, 1046, 32, 5
3524, 1474, 10, 4
3525, 403, 94, 5
3526, 277, 59, 6
3527, 1133, 2, 5
3528, 469, 18, 3
3529, 905, 3, 3
3530, 34, 17, 4
3531, 178, 23, 9
3532, 368, 34, 4
3533, 1405, 85, 5
3534, 460, 16, 3
3535, 1803, 100, 8
3536, 1910, 24, 8
3537, 983, 48, 7
3538, 377, 39, 6
3539, 404, 11, 1
3540, 921, 48, 8
3541, 105, 67, 4
3542, 1296, 9, 1
3543, 1643, 2, 4
3544, 1150, 68, 10
3545, 1063, 61, 5
3546, 1660, 52, 3
3547, 12, 10, 1
3548, 475, 96, 1
3549, 1865, 20, 10
3550, 641, 95, 6
3551, 208, 66, 8
3552, 1253, 25, 4
3553, 440, 35, 4
3554, 376, 66, 3
3555, 799, 82, 2
3556, 186, 80, 10
3557, 1914, 3, 5
3558, 463, 77, 7
3559, 1159, 38, 6
3560, 1414, 28, 4
3561, 1635, 71, 4
3562, 144, 70, 8
3563, 975, 88, 6
3564, 394, 98, 2
3565, 1953, 85, 3
3566, 172, 87, 1
3567, 917, 98, 2
3568, 1279, 98, 8
3569, 539, 58, 6
3570, 232, 60, 5
3571, 857, 34, 10
3572, 416, 19, 2
3573, 590, 78, 4
3574, 1869, 45, 6
3575, 828, 57, 1
3576, 319, 46, 1
3577, 397, 14, 8
3578, 741, 53, 6
3579, 1, 66, 5
3580, 534, 32, 4
3581, 284, 3, 3
3582, 137, 80, 6
3583, 870, 20, 3
3584, 230, 14, 2
3585, 416, 79, 1
3586, 304, 39, 6
3587, 694, 74, 10
3588, 949, 23, 8
3589, 1582, 35, 3
3590, 825, 58, 3
3591, 438, 91, 7
3592, 24, 82, 3
3593, 1125, 27, 4
3594, 1008, 89, 10
3595, 770, 51, 7
3596, 297, 13, 7
3597, 801, 98, 1
3598, 1799, 61, 10
3599, 684, 36, 10
3600, 203, 90, 3
3601, 1031, 47, 1
3602, 36, 7, 1
3603, 1034, 39, 1
3604, 401, 73, 10
3605, 191, 62, 9
3606, 1775, 51, 8
3607, 1585, 10, 5
3608, 1253, 43, 10
3609, 1610, 29, 3
3610, 1303, 14, 5
3611, 665, 95, 5
3612, 1932, 26, 9
3613, 1865, 29, 10
3614, 242, 61, 4
3615, 854, 8, 1
3616, 1903, 93, 2
3617, 1502, 24, 8
3618, 1754, 55, 4
3619, 695, 86, 9
3620, 910, 51, 1
3621, 1130, 38, 3
3622, 223, 26, 8
3623, 183, 100, 10
3624, 1605, 72, 8
3625, 27, 28, 2
3626, 782, 100, 5
3627, 1975, 72, 1
3628, 809, 49, 6
3629, 1754, 6, 9
3630, 1656, 48, 7
3631, 1916, 73, 4
3632, 1493, 78, 4
3633, 486, 39, 9
3634, 1784, 47, 7
3635, 1298, 44, 1
3636, 853, 41, 2
3637, 919, 55, 9
3638, 1780, 97, 1
3639, 629, 30, 7
3640, 236, 45, 2
3641, 1209, 2, 3
3642, 1980, 37, 3
3643, 912, 52, 1
3644, 1513, 93, 7
3645, 1179, 84, 2
3646, 664, 78, 7
3647, 1356, 33, 7
3648, 1773, 28, 10
3649, 13, 70, 6
3650, 130, 35, 1
3651, 1279, 52, 1
3652, 689, 99, 6
3653, 444, 79, 8
3654, 1661, 14, 5
3655, 6, 65, 4
3656, 1867, 54, 4
3657, 210, 8, 7
3658, 1125, 61, 8
3659, 264, 27, 5
3660, 1607, 43, 9
3661, 326, 15, 3
3662, 1677, 70, 2
3663, 785, 77, 4
3664, 746, 68, 10
3665, 1636, 47, 9
3666, 1696, 14, 5
3667, 1631, 43, 8
3668, 138, 92, 7
3669, 1521, 44, 10
3670, 503, 81, 2
3671, 1861, 72, 3
3672, 1698, 94, 1
3673, 1143, 65, 2
3674, 1936, 21, 1
3675, 338, 60, 8
3676, 1546, 74, 7
3677, 1760, 54, 4
3678, 791, 20, 1
3679, 1045, 52, 3
3680, 1612, 53, 10
3681, 10, 42, 3
3682, 566, 83, 1
3683, 40, 2, 4
3684, 1274, 56, 4
3685, 1502, 59, 8
3686, 1647, 34, 10
3687, 238, 96, 7
3688, 1924, 73, 3
3689, 838, 53, 6
3690, 1394, 74, 5
3691, 1411, 20, 2
3692, 1869, 2, 3
3693, 338, 93, 5
3694, 209, 55, 9
3695, 134, 97, 8
3696, 22, 62, 9
3697, 526, 54, 2
3698, 633, 30, 6
3699, 669, 27, 8
3700, 1931, 42, 9
3701, 1851, 50, 6
3702, 771, 47, 6
3703, 269, 93, 7
3704, 625, 93, 4
3705, 303, 58, 5
3706, 704, 97, 5
3707, 716, 33, 2
3708, 1130, 93, 6
3709, 563, 13, 7
3710, 1323, 26, 6
3711, 1293, 44, 3
3712, 568, 3, 4
3713, 1824, 91, 6
3714, 1215, 7, 1
3715, 1968, 7, 2
3716, 1574, 74, 10
3717, 1726, 66, 2
3718, 721, 88, 7
3719, 1708, 54, 7
3720, 508, 59, 2
3721, 193, 50, 10
3722, 1312, 85, 2
3723, 562, 60, 1
3724, 89, 16, 10
3725, 1386, 34, 6
3726, 960, 98, 5
3727, 1992, 37, 10
3728, 628, 59, 5
3729, 335, 84, 6
3730, 638, 65, 10
3731, 454, 11, 6
3732, 1524, 26, 3
3733, 431, 97, 7
3734, 582, 18, 1
3735, 1192, 80, 5
3736, 1398, 90, 7
3737, 1437, 74, 1
3738, 1816, 90, 1
3739, 1369, 82, 6
3740, 901, 98, 3
3741, 1231, 79, 1
3742, 1232, 65, 2
3743, 384, 2, 8
3744, 1628, 10, 7
3745, 1963, 41, 5
3746, 251, 3, 3
3747, 258, 98, 8
3748, 207, 24, 3
3749, 1958, 40, 4
3750, 1455, 82, 6
3751, 1292, 53, 8
3752, 1537, 22, 7
3753, 465, 68, 3
3754, 412, 79, 10
3755, 963, 37, 4
3756, 967, 14, 3
3757, 794, 60, 4
3758, 118, 35, 9
3759, 962, 100, 9
3760, 98, 87, 4
3761, 19, 21, 3
3762, 748, 33, 3
3763, 1639, 77, 7
3764, 1010, 65, 5
3765, 1754, 5, 4
3766, 970, 38, 9
3767, 339, 34, 9
3768, 941, 26, 1
3769, 478, 52, 2
3770, 1363, 92, 4
3771, 373, 67, 9
3772, 1192, 56, 8
3773, 1521, 52, 6
3774, 594, 32, 1
3775, 1817, 9, 5
3776, 198, 34, 7
3777, 1144, 77, 5
3778, 374, 67, 6
3779, 1978, 89, 4
3780, 1492, 79, 8
3781, 675, 20, 4
3782, 453, 68, 1
3783, 329, 89, 4
3784, 877, 61, 3
3785, 1330, 21, 2
3786, 1009, 5, 5
3787, 769, 8, 10
3788, 33, 7, 4
3789, 1869, 24, 3
3790, 783, 79, 7
3791, 929, 43, 9
3792, 1322, 83, 8
3793, 871, 46, 3
3794, 1167, 72, 6
3795, 1437, 72, 3
3796, 895, 83, 2
3797, 296, 89, 3
3798, 1213, 16, 3
3799, 218, 71, 3
3800, 290, 67, 3
3801, 333, 73, 1
3802, 813, 84, 7
3803, 588, 56, 3
3804, 190, 99, 5
3805, 1398, 78, 6
3806, 285, 79, 3
3807, 1013, 82, 8
3808, 32, 48, 2
3809, 866, 14, 3
3810, 1020, 71, 3
3811, 388, 51, 6
3812, 958, 62, 10
3813, 481, 44, 6
3814, 751, 45, 8
3815, 1632, 25, 6
3816, 13, 48, 7
3817, 975, 75, 1
3818, 300, 9, 5
3819, 8, 38, 8
3820, 421, 52, 5
3821, 1457, 98, 4
3822, 1240, 17, 8
3823, 417, 53, 9
3824, 1769, 9, 3
3825, 7, 2, 9
3826, 1282, 8, 8
3827, 275, 99, 7
3828, 1657, 39, 9
3829, 1685, 22, 8
3830, 218, 19, 10
3831, 1080, 62, 10
3832, 721, 3, 3
3833, 743, 91, 5
3834, 1107, 72, 6
3835, 1626, 40, 7
3836, 1091, 57, 5
3837, 1176, 51, 9
3838, 1661, 23, 2
3839, 1520, 53, 2
3840, 934, 98, 10
3841, 358, 56, 2
3842, 679, 26, 4
3843, 348, 11, 4
3844, 1995, 50, 10
3845, 1420, 50, 10
3846, 1050, 45, 2
3847, 1725, 62, 2
3848, 781, 11, 5
3849, 740, 58, 3
3850, 1640, 92, 3
3851, 932, 37, 4
3852, 1471, 69, 7
3853, 1089, 6, 9
3854, 1819, 34, 7
3855, 1373, 23, 2
3856, 1562, 19, 7
3857, 1310, 69, 7
3858, 1473, 62, 7
3859, 21, 40, 2
3860, 908, 46, 9
3861, 1645, 88, 6
3862, 1245, 3, 4
3863, 1354, 3, 8
3864, 53, 77, 7
3865, 1543, 52, 3
3866, 785, 60, 1
3867, 1595, 89, 4
3868, 1715, 84, 3
3869, 580, 72, 3
3870, 1214, 16, 2
3871, 325, 9, 5
3872, 1462, 70, 10
3873, 63, 47, 7
3874, 86, 10, 3
3875, 1087, 15, 5
3876, 502, 3, 10
3877, 928, 15, 1
3878, 1232, 25, 10
3879, 1307, 75, 8
3880, 185, 75, 9
3881, 1550, 84, 3
3882, 594, 82, 4
3883, 754, 63, 4
3884, 1721, 25, 2
3885, 728, 91, 6
3886, 549, 25, 8
3887, 370, 64, 3
3888, 587, 72, 4
3889, 8, 44, 10
3890, 1114, 30, 9
3891, 1023, 18, 9
3892, 1075, 60, 1
3893, 1612, 79, 5
3894, 1889, 61, 6
3895, 219, 31, 9
3896, 107, 89, 9
3897, 1049, 35, 1
3898, 1618, 62, 3
3899, 668, 98, 7
3900, 1707, 4, 8
3901, 1718, 65, 4
3902, 988, 4, 7
3903, 1969, 86, 8
3904, 330, 3, 6
3905, 553, 96, 8
3906, 451, 13, 8
3907, 520, 82, 1
3908, 203, 49, 3
3909, 361, 6, 8
3910, 350, 96, 10
3911, 839, 73, 2
3912, 1340, 86, 7
3913, 200, 83, 1
3914, 165, 18, 2
3915, 1644, 78, 1
3916, 1041, 61, 2
3917, 1524, 31, 4
3918, 930, 2, 5
3919, 1708, 5, 1
3920, 1270, 8, 8
3921, 465, 13, 10
3922, 822, 56, 7
3923, 1901, 69, 5
3924, 1770, 100, 2
3925, 1550, 63, 10
3926, 1620, 5, 7
3927, 1097, 98, 7
3928, 1743, 11, 1
3929, 554, 97, 3
3930, 1923, 9, 2
3931, 1351, 27, 3
3932, 901, 15, 10
3933, 1802, 94, 9
3934, 787, 69, 8
3935, 815, 13, 5
3936, 1648, 29, 2
3937, 1633, 10, 5
3938, 346, 13, 2
3939, 242, 44, 3
3940, 903, 99, 9
3941, 1347, 61, 5
3942, 1729, 91, 4
3943, 1180, 15, 6
3944, 1444, 70, 1
3945, 1439, 30, 10
3946, 798, 2, 7
3947, 304, 44, 3
3948, 1250, 45, 6
3949, 1743, 88, 5
3950, 14, 30, 5
3951, 1398, 33, 10
3952, 280, 87, 2
3953, 790, 83, 10
3954, 915, 43, 5
3955, 267, 13, 1
3956, 893, 43, 5
3957, 1903, 47, 7
3958, 225, 45, 7
3959, 1854, 51, 8
3960, 1292, 3, 7
3961, 885, 41, 5
3962, 1615, 81, 10
3963, 1658, 92, 8
3964, 1632, 27, 10
3965, 251, 74, 8
3966, 736, 75, 5
3967, 956, 2, 1
3968, 145, 20, 6
3969, 754, 49, 5
3970, 1976, 76, 9
3971, 523, 77, 6
3972, 1637, 2, 5
3973, 473, 70, 8
3974, 771, 93, 2
3975, 1688, 18, 8
3976, 1275, 78, 9
3977, 14, 90, 9
3978, 969, 25, 8
3979, 1849, 3, 5
3980, 1768, 20, 5
3981, 1478, 2, 9
3982, 501, 64, 7
3983, 1053, 29, 1
3984, 1549, 9, 7
3985, 1363, 91, 7
3986, 1293, 41, 9
3987, 1030, 18, 5
3988, 552, 1, 1
3989, 1450, 20, 8
3990, 1460, 88, 6
3991, 54, 39, 3
3992, 336, 21, 3
3993, 23, 71, 2
3994, 1298, 29, 2
3995, 736, 69, 3
3996, 1381, 24, 4
3997, 375, 14, 7
3998, 1981, 1, 7
3999, 852, 92, 5
4000, 12, 76, 10
